0.0, 3.1415927, 6.2831853, 9.424778, 12.5663706, 15.7079633, 18.8495559, 21.9911486, 25.1327412, 28.2743339
0.0, 7.7252518, 10.9041217, 4.4934095, 14.0661939, 17.2207553, 20.371303, 23.5194525, 26.6660543, 29.8115988
0.0, 5.7634592, 9.0950113, 12.322941, 15.514603, 18.6890364, 21.8538742, 25.0128032, 28.1678297
0.0, 6.987932, 10.4171185, 13.6980232, 16.9236213, 20.1218062, 23.304247, 26.4767637, 29.6426045
0.0, 8.1825615, 11.7049072, 15.0396647, 18.301256, 21.5254177, 24.7275655, 27.9155762
0.0, 9.3558121, 12.9665302, 16.3547096, 19.6531521, 22.9045506, 26.1277501, 29.3325626
0.0, 10.5128354, 14.2073925, 17.6479749, 20.9834631, 24.262768, 27.5078684
0.0, 11.6570322, 15.4312892, 18.9229992, 22.295348, 25.602856, 28.8703733
0.0, 12.7907817, 16.6410029, 20.1824708, 23.5912748, 26.9270408
0.0, 13.9158226, 17.8386432, 21.428487, 24.8732139, 28.2371344
