1.5707963, 4.712389, 7.8539816, 10.9955743, 14.1371669, 17.2787596, 20.4203522, 23.5619449, 26.7035376, 29.8451302
0.0, 2.7437073, 6.1167643, 15.6438661, 9.3166156, 18.7962534, 12.4859374, 21.9455181, 25.092847, 28.2388921
0.0, 3.8702386, 10.713011, 7.4430871, 13.9205214, 17.1027408, 20.2720011, 23.4336892, 26.590555, 29.7441555
0.0, 4.9734204, 8.7217505, 12.0635913, 15.3135615, 18.5242067, 21.7139345, 24.8911002, 28.0600957
0.0, 6.0619494, 9.9675472, 13.3801244, 16.674155, 19.9154042, 23.1277749, 26.3224256, 29.505354
0.0, 7.1402274, 11.1889848, 14.6701168, 18.0085297, 21.2814789, 24.5178086, 27.7312759
0.0, 8.210842, 12.3914789, 15.9386985, 19.3211682, 22.6262821, 25.8873442, 29.1205081
0.0, 9.2754635, 13.5787236, 17.1895561, 20.6154216, 23.9527839, 27.2389979
0.0, 10.335242, 14.7533685, 18.425442, 21.893872, 25.2633314, 28.5748802
0.0, 11.3910082, 15.9173885, 19.648474, 23.1585577, 26.5598167, 29.8967224
