0.01,-3.1315926535897933,0.2794652325162421
0.01,-3.0315926535897932,0.2778572769451123
0.01,-2.931592653589793,0.30006910005539716
0.01,-2.8315926535897935,0.2973887451880366
0.01,-2.7315926535897934,0.34516264923595413
0.01,-2.6315926535897933,0.34554845944313195
0.01,-2.5315926535897932,0.37428657240132024
0.01,-2.431592653589793,0.4430542411117849
0.01,-2.3315926535897935,0.45750716537150715
0.01,-2.2315926535897934,0.48044134993032905
0.01,-2.1315926535897933,0.5060779924320934
0.01,-2.0315926535897932,0.5540912517785128
0.01,-1.9315926535897932,0.5802986728744772
0.01,-1.8315926535897933,0.6292513340352994
0.01,-1.7315926535897932,0.6332309267714615
0.01,-1.6315926535897933,0.6585076986283656
0.01,-1.5315926535897932,0.653061649340515
0.01,-1.4315926535897932,0.6868896689500756
0.01,-1.3315926535897933,0.6891032960497909
0.01,-1.2315926535897932,0.6831554011911174
0.01,-1.1315926535897933,0.6806037762435168
0.01,-1.0315926535897932,0.6554505167996099
0.01,-0.9315926535897932,0.666410397913256
0.01,-0.8315926535897931,0.6481680916500929
0.01,-0.731592653589793,0.6293770274680035
0.01,-0.6315926535897933,0.6120869151979533
0.01,-0.5315926535897932,0.5984605316901117
0.01,-0.43159265358979315,0.5695122501344099
0.01,-0.33159265358979306,0.5673665455201095
0.01,-0.23159265358979297,0.5481261070245154
0.01,-0.13159265358979333,0.5502661514977785
0.01,-0.03159265358979324,0.5421611067726193
0.01,0.06840734641020685,0.5387446251675818
0.01,0.16840734641020694,0.5347078252349573
0.01,0.268407346410207,0.5585433285813342
0.01,0.36840734641020667,0.5750309243270921
0.01,0.46840734641020676,0.5902724201357994
0.01,0.5684073464102068,0.6137802845662863
0.01,0.6684073464102069,0.6065362247562431
0.01,0.768407346410207,0.6428402637758487
0.01,0.8684073464102067,0.6592146938682955
0.01,0.9684073464102072,0.6787757587910451
0.01,1.0684073464102068,0.6700499995167315
0.01,1.1684073464102065,0.6782287840102157
0.01,1.268407346410207,0.6961864138525169
0.01,1.3684073464102067,0.681219629240003
0.01,1.4684073464102072,0.6852656883008128
0.01,1.5684073464102068,0.6607526255726388
0.01,1.6684073464102074,0.6694739609370937
0.01,1.768407346410207,0.6342731568133266
0.01,1.8684073464102067,0.5937803061157938
0.01,1.9684073464102072,0.5782137606505993
0.01,2.068407346410207,0.5619999749342506
0.01,2.1684073464102074,0.5056482783655598
0.01,2.268407346410207,0.4823678627933341
0.01,2.3684073464102067,0.4779430636309041
0.01,2.468407346410207,0.4016374341417339
0.01,2.568407346410207,0.35439200660743686
0.01,2.6684073464102074,0.35115350286490055
0.01,2.768407346410207,0.3399879253096083
0.01,2.8684073464102067,0.2805056553295414
0.01,2.968407346410207,0.27296536516260095
0.01,3.068407346410207,0.26497453990151987
0.11,-3.1315926535897933,0.285002317451548
0.11,-3.0315926535897932,0.3011837033379996
0.11,-2.931592653589793,0.2855357695017887
0.11,-2.8315926535897935,0.2786153423858665
0.11,-2.7315926535897934,0.33322336432809574
0.11,-2.6315926535897933,0.35224235327324227
0.11,-2.5315926535897932,0.3809809597704398
0.11,-2.431592653589793,0.3974937006855378
0.11,-2.3315926535897935,0.4538124248036294
0.11,-2.2315926535897934,0.48111221175502417
0.11,-2.1315926535897933,0.5044985600791829
0.11,-2.0315926535897932,0.5217136297578817
0.11,-1.9315926535897932,0.6009657115206459
0.11,-1.8315926535897933,0.5989691419420289
0.11,-1.7315926535897932,0.630481304755411
0.11,-1.6315926535897933,0.6557771429703079
0.11,-1.5315926535897932,0.6736933451515629
0.11,-1.4315926535897932,0.6728934427425973
0.11,-1.3315926535897933,0.6687579314492886
0.11,-1.2315926535897932,0.6891127005410334
0.11,-1.1315926535897933,0.6788865641927018
0.11,-1.0315926535897932,0.6712861122245544
0.11,-0.9315926535897932,0.6522290516502993
0.11,-0.8315926535897931,0.65398716971993
0.11,-0.731592653589793,0.641044667509935
0.11,-0.6315926535897933,0.6065365182154427
0.11,-0.5315926535897932,0.594697079194221
0.11,-0.43159265358979315,0.5768421662872505
0.11,-0.33159265358979306,0.5754357401412762
0.11,-0.23159265358979297,0.5724253596767951
0.11,-0.13159265358979333,0.55377458784029
0.11,-0.03159265358979324,0.5459147166699765
0.11,0.06840734641020685,0.544154712075613
0.11,0.16840734641020694,0.5539919647311902
0.11,0.268407346410207,0.5763842185674184
0.11,0.36840734641020667,0.588215317062533
0.11,0.46840734641020676,0.5921168654193658
0.11,0.5684073464102068,0.5980094653915536
0.11,0.6684073464102069,0.6162333767253991
0.11,0.768407346410207,0.6381705689401707
0.11,0.8684073464102067,0.6298082144023786
0.11,0.9684073464102072,0.6687743464531397
0.11,1.0684073464102068,0.6634996188726959
0.11,1.1684073464102065,0.6904420777120059
0.11,1.268407346410207,0.678358083467471
0.11,1.3684073464102067,0.6853554959145458
0.11,1.4684073464102072,0.677241835346035
0.11,1.5684073464102068,0.6352990239308764
0.11,1.6684073464102074,0.6546804252230467
0.11,1.768407346410207,0.6484613249411485
0.11,1.8684073464102067,0.5963021362541097
0.11,1.9684073464102072,0.566210332622812
0.11,2.068407346410207,0.5417444152862243
0.11,2.1684073464102074,0.4804666070137191
0.11,2.268407346410207,0.48258153086828026
0.11,2.3684073464102067,0.42317549466348126
0.11,2.468407346410207,0.4074768998941491
0.11,2.568407346410207,0.38339906251761735
0.11,2.6684073464102074,0.33502038944825224
0.11,2.768407346410207,0.3331802382190513
0.11,2.8684073464102067,0.3185928144184422
0.11,2.968407346410207,0.29664113954864313
0.11,3.068407346410207,0.2930794414140808
0.21000000000000002,-3.1315926535897933,0.3119151597008063
0.21000000000000002,-3.0315926535897932,0.30701330601075755
0.21000000000000002,-2.931592653589793,0.30553917264180075
0.21000000000000002,-2.8315926535897935,0.3133000071532748
0.21000000000000002,-2.7315926535897934,0.33340122024318075
0.21000000000000002,-2.6315926535897933,0.35059523341212656
0.21000000000000002,-2.5315926535897932,0.386891359867226
0.21000000000000002,-2.431592653589793,0.4114597260594899
0.21000000000000002,-2.3315926535897935,0.4532047510053193
0.21000000000000002,-2.2315926535897934,0.4938222277088871
0.21000000000000002,-2.1315926535897933,0.5051409432496818
0.21000000000000002,-2.0315926535897932,0.5495434090822624
0.21000000000000002,-1.9315926535897932,0.582221114952694
0.21000000000000002,-1.8315926535897933,0.5995617252148124
0.21000000000000002,-1.7315926535897932,0.6257752002718593
0.21000000000000002,-1.6315926535897933,0.6645498666548028
0.21000000000000002,-1.5315926535897932,0.6558467920139714
0.21000000000000002,-1.4315926535897932,0.6483154438993001
0.21000000000000002,-1.3315926535897933,0.6504786743018485
0.21000000000000002,-1.2315926535897932,0.6691875777246986
0.21000000000000002,-1.1315926535897933,0.6717202003552233
0.21000000000000002,-1.0315926535897932,0.6507052480182391
0.21000000000000002,-0.9315926535897932,0.6769142499000936
0.21000000000000002,-0.8315926535897931,0.6471159430151996
0.21000000000000002,-0.731592653589793,0.6482395965696293
0.21000000000000002,-0.6315926535897933,0.6247620925898746
0.21000000000000002,-0.5315926535897932,0.6021352519967353
0.21000000000000002,-0.43159265358979315,0.6036715325282362
0.21000000000000002,-0.33159265358979306,0.6092872767416062
0.21000000000000002,-0.23159265358979297,0.5868217470989157
0.21000000000000002,-0.13159265358979333,0.5765673085028601
0.21000000000000002,-0.03159265358979324,0.59669647274128
0.21000000000000002,0.06840734641020685,0.5794800593653249
0.21000000000000002,0.16840734641020694,0.594459365161305
0.21000000000000002,0.268407346410207,0.6099869135955598
0.21000000000000002,0.36840734641020667,0.6162112753032025
0.21000000000000002,0.46840734641020676,0.5937752809170993
0.21000000000000002,0.5684073464102068,0.6449362665559175
0.21000000000000002,0.6684073464102069,0.6330744916810406
0.21000000000000002,0.768407346410207,0.6364890343602767
0.21000000000000002,0.8684073464102067,0.6571085170379658
0.21000000000000002,0.9684073464102072,0.6709481582905441
0.21000000000000002,1.0684073464102068,0.6491916750672844
0.21000000000000002,1.1684073464102065,0.6640384154649468
0.21000000000000002,1.268407346410207,0.6620258393812076
0.21000000000000002,1.3684073464102067,0.652683096469288
0.21000000000000002,1.4684073464102072,0.6588002669147337
0.21000000000000002,1.5684073464102068,0.6473560325218979
0.21000000000000002,1.6684073464102074,0.6305161102348441
0.21000000000000002,1.768407346410207,0.6026624335040369
0.21000000000000002,1.8684073464102067,0.5935049571763693
0.21000000000000002,1.9684073464102072,0.5825293520545276
0.21000000000000002,2.068407346410207,0.4941781918970154
0.21000000000000002,2.1684073464102074,0.505070150210919
0.21000000000000002,2.268407346410207,0.4582746676721524
0.21000000000000002,2.3684073464102067,0.4090252416212983
0.21000000000000002,2.468407346410207,0.42225543937055227
0.21000000000000002,2.568407346410207,0.38359364519828537
0.21000000000000002,2.6684073464102074,0.33050145985995105
0.21000000000000002,2.768407346410207,0.3469321808295129
0.21000000000000002,2.8684073464102067,0.35049996008520456
0.21000000000000002,2.968407346410207,0.3086964308772081
0.21000000000000002,3.068407346410207,0.30993423522348884
0.31000000000000005,-3.1315926535897933,0.32166187549438374
0.31000000000000005,-3.0315926535897932,0.3402287525993213
0.31000000000000005,-2.931592653589793,0.34395972142798914
0.31000000000000005,-2.8315926535897935,0.3456441306701642
0.31000000000000005,-2.7315926535897934,0.37271542777113864
0.31000000000000005,-2.6315926535897933,0.37471661528881534
0.31000000000000005,-2.5315926535897932,0.407471189883612
0.31000000000000005,-2.431592653589793,0.4251097646653775
0.31000000000000005,-2.3315926535897935,0.4422753301851244
0.31000000000000005,-2.2315926535897934,0.470068919667348
0.31000000000000005,-2.1315926535897933,0.47504710584718846
0.31000000000000005,-2.0315926535897932,0.5082259748362749
0.31000000000000005,-1.9315926535897932,0.5096659790786346
0.31000000000000005,-1.8315926535897933,0.561106389406343
0.31000000000000005,-1.7315926535897932,0.611531136074482
0.31000000000000005,-1.6315926535897933,0.5979994734426746
0.31000000000000005,-1.5315926535897932,0.6249898959714622
0.31000000000000005,-1.4315926535897932,0.6187550711151876
0.31000000000000005,-1.3315926535897933,0.65995635405553
0.31000000000000005,-1.2315926535897932,0.6528413138534631
0.31000000000000005,-1.1315926535897933,0.655844597774162
0.31000000000000005,-1.0315926535897932,0.6661475241337732
0.31000000000000005,-0.9315926535897932,0.6415861392706522
0.31000000000000005,-0.8315926535897931,0.6597339365017256
0.31000000000000005,-0.731592653589793,0.6411746990426798
0.31000000000000005,-0.6315926535897933,0.6539597677121418
0.31000000000000005,-0.5315926535897932,0.6395138462917138
0.31000000000000005,-0.43159265358979315,0.6379204753900574
0.31000000000000005,-0.33159265358979306,0.6470985764471022
0.31000000000000005,-0.23159265358979297,0.6204258009893622
0.31000000000000005,-0.13159265358979333,0.6288219290967749
0.31000000000000005,-0.03159265358979324,0.6228390264066628
0.31000000000000005,0.06840734641020685,0.6236144597198396
0.31000000000000005,0.16840734641020694,0.6131414688928822
0.31000000000000005,0.268407346410207,0.6248883608861772
0.31000000000000005,0.36840734641020667,0.6296942608204926
0.31000000000000005,0.46840734641020676,0.6297693929218153
0.31000000000000005,0.5684073464102068,0.6373661954183718
0.31000000000000005,0.6684073464102069,0.6542871531106408
0.31000000000000005,0.768407346410207,0.6556916804349979
0.31000000000000005,0.8684073464102067,0.6553872834350056
0.31000000000000005,0.9684073464102072,0.6587815616199111
0.31000000000000005,1.0684073464102068,0.6703294124855614
0.31000000000000005,1.1684073464102065,0.6548161676095458
0.31000000000000005,1.268407346410207,0.6449048697045053
0.31000000000000005,1.3684073464102067,0.6469391664462597
0.31000000000000005,1.4684073464102072,0.6170965730752667
0.31000000000000005,1.5684073464102068,0.6098087442362701
0.31000000000000005,1.6684073464102074,0.6050941801051486
0.31000000000000005,1.768407346410207,0.6048226699866796
0.31000000000000005,1.8684073464102067,0.5208464671749229
0.31000000000000005,1.9684073464102072,0.5383408866116686
0.31000000000000005,2.068407346410207,0.5144173781071971
0.31000000000000005,2.1684073464102074,0.4852181989364222
0.31000000000000005,2.268407346410207,0.45541972601831787
0.31000000000000005,2.3684073464102067,0.42831285577156086
0.31000000000000005,2.468407346410207,0.4303701168745684
0.31000000000000005,2.568407346410207,0.40598345433921434
0.31000000000000005,2.6684073464102074,0.3679050929856996
0.31000000000000005,2.768407346410207,0.3582162421621855
0.31000000000000005,2.8684073464102067,0.35612583655684926
0.31000000000000005,2.968407346410207,0.3245504819051716
0.31000000000000005,3.068407346410207,0.3458597863394694
0.41000000000000003,-3.1315926535897933,0.35106862443669296
0.41000000000000003,-3.0315926535897932,0.36924217078586336
0.41000000000000003,-2.931592653589793,0.3799030731173614
0.41000000000000003,-2.8315926535897935,0.37041099870476807
0.41000000000000003,-2.7315926535897934,0.4114252332286459
0.41000000000000003,-2.6315926535897933,0.3716930036721343
0.41000000000000003,-2.5315926535897932,0.42621114288309414
0.41000000000000003,-2.431592653589793,0.4396323056697149
0.41000000000000003,-2.3315926535897935,0.46702346872226824
0.41000000000000003,-2.2315926535897934,0.47720055192753885
0.41000000000000003,-2.1315926535897933,0.49334673176373933
0.41000000000000003,-2.0315926535897932,0.4955845049918105
0.41000000000000003,-1.9315926535897932,0.5373848773968417
0.41000000000000003,-1.8315926535897933,0.5267622128085974
0.41000000000000003,-1.7315926535897932,0.5389278249522435
0.41000000000000003,-1.6315926535897933,0.5676153016432217
0.41000000000000003,-1.5315926535897932,0.5812491052161025
0.41000000000000003,-1.4315926535897932,0.6074647451969037
0.41000000000000003,-1.3315926535897933,0.6084535132175805
0.41000000000000003,-1.2315926535897932,0.6371648031175503
0.41000000000000003,-1.1315926535897933,0.6286147004404009
0.41000000000000003,-1.0315926535897932,0.6503844002532629
0.41000000000000003,-0.9315926535897932,0.625584049947466
0.41000000000000003,-0.8315926535897931,0.6386949982491068
0.41000000000000003,-0.731592653589793,0.6462216493389381
0.41000000000000003,-0.6315926535897933,0.651082493393197
0.41000000000000003,-0.5315926535897932,0.6391028094344852
0.41000000000000003,-0.43159265358979315,0.6603956507963433
0.41000000000000003,-0.33159265358979306,0.6751245983781426
0.41000000000000003,-0.23159265358979297,0.6702078391631421
0.41000000000000003,-0.13159265358979333,0.6648791960949156
0.41000000000000003,-0.03159265358979324,0.664217252024974
0.41000000000000003,0.06840734641020685,0.6486751101320605
0.41000000000000003,0.16840734641020694,0.6503857826391475
0.41000000000000003,0.268407346410207,0.6558303304047055
0.41000000000000003,0.36840734641020667,0.6578430911923686
0.41000000000000003,0.46840734641020676,0.6628060569532922
0.41000000000000003,0.5684073464102068,0.6746615350739702
0.41000000000000003,0.6684073464102069,0.6496868861050791
0.41000000000000003,0.768407346410207,0.6548072024095649
0.41000000000000003,0.8684073464102067,0.6612592003405722
0.41000000000000003,0.9684073464102072,0.6333042322577703
0.41000000000000003,1.0684073464102068,0.6108540437368153
0.41000000000000003,1.1684073464102065,0.6279573967955225
0.41000000000000003,1.268407346410207,0.6502142785820559
0.41000000000000003,1.3684073464102067,0.6214177038488347
0.41000000000000003,1.4684073464102072,0.598847755422748
0.41000000000000003,1.5684073464102068,0.5875079984636884
0.41000000000000003,1.6684073464102074,0.5827141116233414
0.41000000000000003,1.768407346410207,0.5476041754072165
0.41000000000000003,1.8684073464102067,0.5455987351641327
0.41000000000000003,1.9684073464102072,0.5052557206186375
0.41000000000000003,2.068407346410207,0.488190233474453
0.41000000000000003,2.1684073464102074,0.48734929154083884
0.41000000000000003,2.268407346410207,0.4749743080790726
0.41000000000000003,2.3684073464102067,0.4565594662996315
0.41000000000000003,2.468407346410207,0.42536974848566367
0.41000000000000003,2.568407346410207,0.386095359657914
0.41000000000000003,2.6684073464102074,0.40500547589103547
0.41000000000000003,2.768407346410207,0.38754639810160196
0.41000000000000003,2.8684073464102067,0.3799739799497711
0.41000000000000003,2.968407346410207,0.34589918728846003
0.41000000000000003,3.068407346410207,0.3630690081535062
0.51,-3.1315926535897933,0.43192976695775187
0.51,-3.0315926535897932,0.4066431550845946
0.51,-2.931592653589793,0.3911890070652333
0.51,-2.8315926535897935,0.40683664395787883
0.51,-2.7315926535897934,0.41722155295579444
0.51,-2.6315926535897933,0.4185831623921973
0.51,-2.5315926535897932,0.42783898792892716
0.51,-2.431592653589793,0.41893221016892035
0.51,-2.3315926535897935,0.45522755233194245
0.51,-2.2315926535897934,0.4481994826248781
0.51,-2.1315926535897933,0.4699709808934779
0.51,-2.0315926535897932,0.49938006585961103
0.51,-1.9315926535897932,0.5117072396633852
0.51,-1.8315926535897933,0.5137608382900389
0.51,-1.7315926535897932,0.5236431457468255
0.51,-1.6315926535897933,0.5328315882671509
0.51,-1.5315926535897932,0.5669352570248554
0.51,-1.4315926535897932,0.5722984795335466
0.51,-1.3315926535897933,0.58536215097782
0.51,-1.2315926535897932,0.5841930072187261
0.51,-1.1315926535897933,0.6216449126576928
0.51,-1.0315926535897932,0.6223030987503106
0.51,-0.9315926535897932,0.6207734170005677
0.51,-0.8315926535897931,0.6403991597181123
0.51,-0.731592653589793,0.6689661866369574
0.51,-0.6315926535897933,0.6567751700038238
0.51,-0.5315926535897932,0.6465924230450449
0.51,-0.43159265358979315,0.6924899426915283
0.51,-0.33159265358979306,0.6779030804315025
0.51,-0.23159265358979297,0.6855889849830965
0.51,-0.13159265358979333,0.6733831443324848
0.51,-0.03159265358979324,0.6801177694755163
0.51,0.06840734641020685,0.6793196338308696
0.51,0.16840734641020694,0.6918188271583334
0.51,0.268407346410207,0.6787212176027714
0.51,0.36840734641020667,0.6766814152985517
0.51,0.46840734641020676,0.6767870713678973
0.51,0.5684073464102068,0.67133396605058
0.51,0.6684073464102069,0.6783063021574731
0.51,0.768407346410207,0.6534579267211884
0.51,0.8684073464102067,0.6723911500055129
0.51,0.9684073464102072,0.6277533006977624
0.51,1.0684073464102068,0.6221299039128325
0.51,1.1684073464102065,0.6078981409393893
0.51,1.268407346410207,0.5962089795941397
0.51,1.3684073464102067,0.5768442582096069
0.51,1.4684073464102072,0.545373814590489
0.51,1.5684073464102068,0.5364252530783773
0.51,1.6684073464102074,0.5491766978804706
0.51,1.768407346410207,0.5270965793379883
0.51,1.8684073464102067,0.5100914901640703
0.51,1.9684073464102072,0.5046457817958554
0.51,2.068407346410207,0.5030570051140757
0.51,2.1684073464102074,0.4864002799080783
0.51,2.268407346410207,0.4658227626230157
0.51,2.3684073464102067,0.4732319785159623
0.51,2.468407346410207,0.4370282115721511
0.51,2.568407346410207,0.43311505482507234
0.51,2.6684073464102074,0.4093208708131638
0.51,2.768407346410207,0.4326052866109488
0.51,2.8684073464102067,0.4121222260456425
0.51,2.968407346410207,0.3827437835848023
0.51,3.068407346410207,0.38627841036453425
0.6100000000000001,-3.1315926535897933,0.42870365382821446
0.6100000000000001,-3.0315926535897932,0.48106289574682304
0.6100000000000001,-2.931592653589793,0.43475839198305544
0.6100000000000001,-2.8315926535897935,0.4432849460950794
0.6100000000000001,-2.7315926535897934,0.4365033422587618
0.6100000000000001,-2.6315926535897933,0.45817846090176617
0.6100000000000001,-2.5315926535897932,0.4589050547714876
0.6100000000000001,-2.431592653589793,0.460239961505418
0.6100000000000001,-2.3315926535897935,0.4537798136635126
0.6100000000000001,-2.2315926535897934,0.5008551967981848
0.6100000000000001,-2.1315926535897933,0.46106094216091464
0.6100000000000001,-2.0315926535897932,0.4728480534243321
0.6100000000000001,-1.9315926535897932,0.463724261456441
0.6100000000000001,-1.8315926535897933,0.500943703962186
0.6100000000000001,-1.7315926535897932,0.5028589646141398
0.6100000000000001,-1.6315926535897933,0.5394618252715891
0.6100000000000001,-1.5315926535897932,0.5272829380569894
0.6100000000000001,-1.4315926535897932,0.5342848605899797
0.6100000000000001,-1.3315926535897933,0.5338117298374405
0.6100000000000001,-1.2315926535897932,0.5592472348449673
0.6100000000000001,-1.1315926535897933,0.587579170665858
0.6100000000000001,-1.0315926535897932,0.616367498119067
0.6100000000000001,-0.9315926535897932,0.6093130476282179
0.6100000000000001,-0.8315926535897931,0.629233909203935
0.6100000000000001,-0.731592653589793,0.6623472491171711
0.6100000000000001,-0.6315926535897933,0.6573125409879128
0.6100000000000001,-0.5315926535897932,0.6745892549705463
0.6100000000000001,-0.43159265358979315,0.6847488787722374
0.6100000000000001,-0.33159265358979306,0.6739317418464225
0.6100000000000001,-0.23159265358979297,0.6806092358740066
0.6100000000000001,-0.13159265358979333,0.6945333916810342
0.6100000000000001,-0.03159265358979324,0.7087581834366286
0.6100000000000001,0.06840734641020685,0.6677851609074825
0.6100000000000001,0.16840734641020694,0.6964727175004539
0.6100000000000001,0.268407346410207,0.6844560683307865
0.6100000000000001,0.36840734641020667,0.6800371424836229
0.6100000000000001,0.46840734641020676,0.6658773841289715
0.6100000000000001,0.5684073464102068,0.6424534106843609
0.6100000000000001,0.6684073464102069,0.6450269810576916
0.6100000000000001,0.768407346410207,0.6259817179263059
0.6100000000000001,0.8684073464102067,0.6354424708081589
0.6100000000000001,0.9684073464102072,0.6082052435647334
0.6100000000000001,1.0684073464102068,0.5929626952710962
0.6100000000000001,1.1684073464102065,0.5821375419373291
0.6100000000000001,1.268407346410207,0.5506497951787999
0.6100000000000001,1.3684073464102067,0.552598298709472
0.6100000000000001,1.4684073464102072,0.5479981547037676
0.6100000000000001,1.5684073464102068,0.5241779404297213
0.6100000000000001,1.6684073464102074,0.5089143133468714
0.6100000000000001,1.768407346410207,0.49019228973465045
0.6100000000000001,1.8684073464102067,0.4783471084545347
0.6100000000000001,1.9684073464102072,0.4548345361673377
0.6100000000000001,2.068407346410207,0.4803743759543041
0.6100000000000001,2.1684073464102074,0.4645978230385517
0.6100000000000001,2.268407346410207,0.44747588215136314
0.6100000000000001,2.3684073464102067,0.4834688996625375
0.6100000000000001,2.468407346410207,0.4559770604180028
0.6100000000000001,2.568407346410207,0.4287848938214679
0.6100000000000001,2.6684073464102074,0.45250329877815665
0.6100000000000001,2.768407346410207,0.440634057141268
0.6100000000000001,2.8684073464102067,0.4563697528894214
0.6100000000000001,2.968407346410207,0.44806240814000686
0.6100000000000001,3.068407346410207,0.4311632438079096
0.7100000000000001,-3.1315926535897933,0.4665678686360186
0.7100000000000001,-3.0315926535897932,0.47521623386536316
0.7100000000000001,-2.931592653589793,0.4948965719048821
0.7100000000000001,-2.8315926535897935,0.4453908704453631
0.7100000000000001,-2.7315926535897934,0.47496523926833006
0.7100000000000001,-2.6315926535897933,0.47614245417028295
0.7100000000000001,-2.5315926535897932,0.4779493650193764
0.7100000000000001,-2.431592653589793,0.5223322546733928
0.7100000000000001,-2.3315926535897935,0.4651583936075589
0.7100000000000001,-2.2315926535897934,0.45790660004326844
0.7100000000000001,-2.1315926535897933,0.48012899048170105
0.7100000000000001,-2.0315926535897932,0.4830842555330324
0.7100000000000001,-1.9315926535897932,0.45933982983643096
0.7100000000000001,-1.8315926535897933,0.47533418997546106
0.7100000000000001,-1.7315926535897932,0.4579241366706525
0.7100000000000001,-1.6315926535897933,0.4762102362501148
0.7100000000000001,-1.5315926535897932,0.5049906490308111
0.7100000000000001,-1.4315926535897932,0.5331876987499636
0.7100000000000001,-1.3315926535897933,0.4985284593641807
0.7100000000000001,-1.2315926535897932,0.5589890505706688
0.7100000000000001,-1.1315926535897933,0.567604715673515
0.7100000000000001,-1.0315926535897932,0.5861145831454498
0.7100000000000001,-0.9315926535897932,0.6074800092625894
0.7100000000000001,-0.8315926535897931,0.5959242923894315
0.7100000000000001,-0.731592653589793,0.6351922396652778
0.7100000000000001,-0.6315926535897933,0.6259808820225201
0.7100000000000001,-0.5315926535897932,0.6413511011797604
0.7100000000000001,-0.43159265358979315,0.6559774373637612
0.7100000000000001,-0.33159265358979306,0.6727123369799989
0.7100000000000001,-0.23159265358979297,0.6804456174008784
0.7100000000000001,-0.13159265358979333,0.6744144366523543
0.7100000000000001,-0.03159265358979324,0.6795166724350608
0.7100000000000001,0.06840734641020685,0.664580005997151
0.7100000000000001,0.16840734641020694,0.6833394170668154
0.7100000000000001,0.268407346410207,0.6733505332711808
0.7100000000000001,0.36840734641020667,0.6647882836224354
0.7100000000000001,0.46840734641020676,0.6443926736150698
0.7100000000000001,0.5684073464102068,0.6636694715800622
0.7100000000000001,0.6684073464102069,0.6249507190471704
0.7100000000000001,0.768407346410207,0.6037248596783222
0.7100000000000001,0.8684073464102067,0.5801727533780576
0.7100000000000001,0.9684073464102072,0.5716419189064449
0.7100000000000001,1.0684073464102068,0.5450990905276228
0.7100000000000001,1.1684073464102065,0.5589530295457975
0.7100000000000001,1.268407346410207,0.516034000404144
0.7100000000000001,1.3684073464102067,0.5350912191701823
0.7100000000000001,1.4684073464102072,0.4985861687885657
0.7100000000000001,1.5684073464102068,0.5064004847163643
0.7100000000000001,1.6684073464102074,0.5101735827070167
0.7100000000000001,1.768407346410207,0.4691909589670684
0.7100000000000001,1.8684073464102067,0.4809148335029472
0.7100000000000001,1.9684073464102072,0.43877412340255856
0.7100000000000001,2.068407346410207,0.48267505962347007
0.7100000000000001,2.1684073464102074,0.45577312824599747
0.7100000000000001,2.268407346410207,0.4462347608663381
0.7100000000000001,2.3684073464102067,0.452531352629054
0.7100000000000001,2.468407346410207,0.4810027830916883
0.7100000000000001,2.568407346410207,0.4659327966986089
0.7100000000000001,2.6684073464102074,0.46748721329151177
0.7100000000000001,2.768407346410207,0.44958490909145626
0.7100000000000001,2.8684073464102067,0.453266483099135
0.7100000000000001,2.968407346410207,0.48492016580561087
0.7100000000000001,3.068407346410207,0.4775051857623601
0.81,-3.1315926535897933,0.48506271861966077
0.81,-3.0315926535897932,0.4963735466685576
0.81,-2.931592653589793,0.500894076732421
0.81,-2.8315926535897935,0.475752545507777
0.81,-2.7315926535897934,0.5001691471614549
0.81,-2.6315926535897933,0.4718857848112143
0.81,-2.5315926535897932,0.49075314031211575
0.81,-2.431592653589793,0.46876171386944915
0.81,-2.3315926535897935,0.4724490790143191
0.81,-2.2315926535897934,0.4425515720821591
0.81,-2.1315926535897933,0.45147826947842973
0.81,-2.0315926535897932,0.45692537830118624
0.81,-1.9315926535897932,0.43872134726774403
0.81,-1.8315926535897933,0.4572548494191958
0.81,-1.7315926535897932,0.46647109141128446
0.81,-1.6315926535897933,0.47066740863107726
0.81,-1.5315926535897932,0.4841190607538487
0.81,-1.4315926535897932,0.4898264938413933
0.81,-1.3315926535897933,0.5265226326126047
0.81,-1.2315926535897932,0.5077128453349379
0.81,-1.1315926535897933,0.5206965659183244
0.81,-1.0315926535897932,0.5349872881947603
0.81,-0.9315926535897932,0.5816444409945299
0.81,-0.8315926535897931,0.5750784168506706
0.81,-0.731592653589793,0.5770472393516467
0.81,-0.6315926535897933,0.5927113388199521
0.81,-0.5315926535897932,0.6068842651853107
0.81,-0.43159265358979315,0.6200018505297947
0.81,-0.33159265358979306,0.6255674185396412
0.81,-0.23159265358979297,0.6255014700907064
0.81,-0.13159265358979333,0.6487876556921938
0.81,-0.03159265358979324,0.639827737571351
0.81,0.06840734641020685,0.6365690790039413
0.81,0.16840734641020694,0.6277646187352808
0.81,0.268407346410207,0.6401768712596655
0.81,0.36840734641020667,0.613133454847846
0.81,0.46840734641020676,0.6477815913246239
0.81,0.5684073464102068,0.6067950697375881
0.81,0.6684073464102069,0.606239229808408
0.81,0.768407346410207,0.5628920493242286
0.81,0.8684073464102067,0.5785306124578046
0.81,0.9684073464102072,0.5329618082299734
0.81,1.0684073464102068,0.4881841249944586
0.81,1.1684073464102065,0.5147225047648889
0.81,1.268407346410207,0.5263660195346327
0.81,1.3684073464102067,0.5114858662656764
0.81,1.4684073464102072,0.49891525637533674
0.81,1.5684073464102068,0.470681889682252
0.81,1.6684073464102074,0.46486196363557697
0.81,1.768407346410207,0.4604094027003249
0.81,1.8684073464102067,0.44899177463207746
0.81,1.9684073464102072,0.4496794539708122
0.81,2.068407346410207,0.4494964089679523
0.81,2.1684073464102074,0.45701845081337295
0.81,2.268407346410207,0.49276822754074795
0.81,2.3684073464102067,0.46950207286339096
0.81,2.468407346410207,0.4636399613673377
0.81,2.568407346410207,0.4750342766139203
0.81,2.6684073464102074,0.4586705347447582
0.81,2.768407346410207,0.5125416349447884
0.81,2.8684073464102067,0.49155280957020486
0.81,2.968407346410207,0.5176282818698696
0.81,3.068407346410207,0.5153423120445997
0.91,-3.1315926535897933,0.5134265710318768
0.91,-3.0315926535897932,0.5122338757295297
0.91,-2.931592653589793,0.5172103930475669
0.91,-2.8315926535897935,0.5237220932460596
0.91,-2.7315926535897934,0.520718544407383
0.91,-2.6315926535897933,0.48183070144458645
0.91,-2.5315926535897932,0.4947414542189721
0.91,-2.431592653589793,0.4930771504696734
0.91,-2.3315926535897935,0.45035773176814287
0.91,-2.2315926535897934,0.4682882092848716
0.91,-2.1315926535897933,0.47646537960990126
0.91,-2.0315926535897932,0.4739472982141838
0.91,-1.9315926535897932,0.44404093303156267
0.91,-1.8315926535897933,0.4404721250853161
0.91,-1.7315926535897932,0.4282642556345193
0.91,-1.6315926535897933,0.4468185656417408
0.91,-1.5315926535897932,0.45995019460998027
0.91,-1.4315926535897932,0.46300033312816935
0.91,-1.3315926535897933,0.4779136332229887
0.91,-1.2315926535897932,0.471313599970258
0.91,-1.1315926535897933,0.4737491263776909
0.91,-1.0315926535897932,0.4853903587186778
0.91,-0.9315926535897932,0.4984689556781918
0.91,-0.8315926535897931,0.5099186710222289
0.91,-0.731592653589793,0.5422576756907151
0.91,-0.6315926535897933,0.5390264937996552
0.91,-0.5315926535897932,0.5656802130717633
0.91,-0.43159265358979315,0.5515171451539536
0.91,-0.33159265358979306,0.5778034488764876
0.91,-0.23159265358979297,0.5969540032171754
0.91,-0.13159265358979333,0.579307856771888
0.91,-0.03159265358979324,0.5686364067843193
0.91,0.06840734641020685,0.5960171725855041
0.91,0.16840734641020694,0.5682522291946726
0.91,0.268407346410207,0.5598987112358152
0.91,0.36840734641020667,0.5785027237494962
0.91,0.46840734641020676,0.5661064495499843
0.91,0.5684073464102068,0.5697161665089214
0.91,0.6684073464102069,0.5266318915392162
0.91,0.768407346410207,0.5295652118330184
0.91,0.8684073464102067,0.5042482803604629
0.91,0.9684073464102072,0.5055219073415644
0.91,1.0684073464102068,0.4928425710243383
0.91,1.1684073464102065,0.4960031179722765
0.91,1.268407346410207,0.47036955492367694
0.91,1.3684073464102067,0.4543993970042734
0.91,1.4684073464102072,0.4805358282252488
0.91,1.5684073464102068,0.44024535744902327
0.91,1.6684073464102074,0.4654050333198697
0.91,1.768407346410207,0.47676539781166927
0.91,1.8684073464102067,0.4811250005487684
0.91,1.9684073464102072,0.4474270701267826
0.91,2.068407346410207,0.4467057732121702
0.91,2.1684073464102074,0.44468493805549186
0.91,2.268407346410207,0.4729475234187841
0.91,2.3684073464102067,0.4822258638424465
0.91,2.468407346410207,0.48021183912913423
0.91,2.568407346410207,0.48475302234612927
0.91,2.6684073464102074,0.5362167333586014
0.91,2.768407346410207,0.5081446119088945
0.91,2.8684073464102067,0.5210974958902238
0.91,2.968407346410207,0.5100504674614637
0.91,3.068407346410207,0.5124077179486806
1.01,-3.1315926535897933,0.5177222889326751
1.01,-3.0315926535897932,0.5274736619718239
1.01,-2.931592653589793,0.5031707119098763
1.01,-2.8315926535897935,0.5456191847725629
1.01,-2.7315926535897934,0.5046468197274323
1.01,-2.6315926535897933,0.4898490146695718
1.01,-2.5315926535897932,0.5094376611199137
1.01,-2.431592653589793,0.49038274492362327
1.01,-2.3315926535897935,0.4804003544424279
1.01,-2.2315926535897934,0.47741012081650225
1.01,-2.1315926535897933,0.4491266272746445
1.01,-2.0315926535897932,0.46272391244934785
1.01,-1.9315926535897932,0.4287722552059985
1.01,-1.8315926535897933,0.4341030166030072
1.01,-1.7315926535897932,0.4282701539574465
1.01,-1.6315926535897933,0.4377943450913551
1.01,-1.5315926535897932,0.4489099870926898
1.01,-1.4315926535897932,0.42892688075855956
1.01,-1.3315926535897933,0.460532865866937
1.01,-1.2315926535897932,0.4320164123949619
1.01,-1.1315926535897933,0.43027334908668297
1.01,-1.0315926535897932,0.4574981330476589
1.01,-0.9315926535897932,0.4605598010146349
1.01,-0.8315926535897931,0.46314013056975156
1.01,-0.731592653589793,0.4883245645957862
1.01,-0.6315926535897933,0.4975510580996133
1.01,-0.5315926535897932,0.5273720969102211
1.01,-0.43159265358979315,0.4984567896302826
1.01,-0.33159265358979306,0.5011612953233586
1.01,-0.23159265358979297,0.5359059068078147
1.01,-0.13159265358979333,0.5141503054419747
1.01,-0.03159265358979324,0.5111376880268999
1.01,0.06840734641020685,0.49959085439117057
1.01,0.16840734641020694,0.5206043949125366
1.01,0.268407346410207,0.508732927832464
1.01,0.36840734641020667,0.5102093684588374
1.01,0.46840734641020676,0.4974481364351766
1.01,0.5684073464102068,0.4792628557890345
1.01,0.6684073464102069,0.4887042980278006
1.01,0.768407346410207,0.49833955663624757
1.01,0.8684073464102067,0.4662858662135052
1.01,0.9684073464102072,0.4601576924665689
1.01,1.0684073464102068,0.4635834341937879
1.01,1.1684073464102065,0.4476788607197113
1.01,1.268407346410207,0.47156083274256433
1.01,1.3684073464102067,0.4235748851935248
1.01,1.4684073464102072,0.4472607575916798
1.01,1.5684073464102068,0.4319247206964784
1.01,1.6684073464102074,0.43394395833984756
1.01,1.768407346410207,0.43478497510970937
1.01,1.8684073464102067,0.4394090109189732
1.01,1.9684073464102072,0.45612799298849627
1.01,2.068407346410207,0.4851929156818025
1.01,2.1684073464102074,0.457564647423085
1.01,2.268407346410207,0.4479217893986025
1.01,2.3684073464102067,0.5061222095572606
1.01,2.468407346410207,0.4988202891565806
1.01,2.568407346410207,0.5077607106294986
1.01,2.6684073464102074,0.5085333529578748
1.01,2.768407346410207,0.5118622390005726
1.01,2.8684073464102067,0.5134494524097163
1.01,2.968407346410207,0.5396820962278172
1.01,3.068407346410207,0.5278592741390553
1.11,-3.1315926535897933,0.48872484979035646
1.11,-3.0315926535897932,0.5281054076356458
1.11,-2.931592653589793,0.5047795988404713
1.11,-2.8315926535897935,0.513790173788996
1.11,-2.7315926535897934,0.49332335289417234
1.11,-2.6315926535897933,0.5011477621663806
1.11,-2.5315926535897932,0.48364106294107423
1.11,-2.431592653589793,0.4943729486790296
1.11,-2.3315926535897935,0.49056956861457907
1.11,-2.2315926535897934,0.47759033232340004
1.11,-2.1315926535897933,0.4333839586877903
1.11,-2.0315926535897932,0.4473358208346062
1.11,-1.9315926535897932,0.47160538487351544
1.11,-1.8315926535897933,0.4279820311879644
1.11,-1.7315926535897932,0.42792466166483306
1.11,-1.6315926535897933,0.4239211506011997
1.11,-1.5315926535897932,0.4256096863354621
1.11,-1.4315926535897932,0.41531941642033365
1.11,-1.3315926535897933,0.4298241719207439
1.11,-1.2315926535897932,0.4382696414527804
1.11,-1.1315926535897933,0.4348790507491206
1.11,-1.0315926535897932,0.43925483733319964
1.11,-0.9315926535897932,0.38615630320245337
1.11,-0.8315926535897931,0.4538955756460217
1.11,-0.731592653589793,0.418800537149813
1.11,-0.6315926535897933,0.42651253903001735
1.11,-0.5315926535897932,0.43194703750094304
1.11,-0.43159265358979315,0.4288338521527891
1.11,-0.33159265358979306,0.4463664596660216
1.11,-0.23159265358979297,0.4688169052601717
1.11,-0.13159265358979333,0.4281213322590101
1.11,-0.03159265358979324,0.43805309344223287
1.11,0.06840734641020685,0.45207649763222285
1.11,0.16840734641020694,0.43694259487667997
1.11,0.268407346410207,0.44881560074843274
1.11,0.36840734641020667,0.44840125492105926
1.11,0.46840734641020676,0.4451183653316365
1.11,0.5684073464102068,0.45140509588034006
1.11,0.6684073464102069,0.4309813760723052
1.11,0.768407346410207,0.4331869848979796
1.11,0.8684073464102067,0.43409401345386356
1.11,0.9684073464102072,0.4065604980900476
1.11,1.0684073464102068,0.427798386430176
1.11,1.1684073464102065,0.4317884755328678
1.11,1.268407346410207,0.4136636477214086
1.11,1.3684073464102067,0.3795426076359997
1.11,1.4684073464102072,0.40992418541206027
1.11,1.5684073464102068,0.4045871337286715
1.11,1.6684073464102074,0.4448797858345863
1.11,1.768407346410207,0.41206357208745176
1.11,1.8684073464102067,0.45355026305717394
1.11,1.9684073464102072,0.4653292849022993
1.11,2.068407346410207,0.4472557810455007
1.11,2.1684073464102074,0.49617090656329954
1.11,2.268407346410207,0.49014951848621796
1.11,2.3684073464102067,0.5189151265338503
1.11,2.468407346410207,0.4892678792591828
1.11,2.568407346410207,0.5011951123685947
1.11,2.6684073464102074,0.4846616579985801
1.11,2.768407346410207,0.5355903869676111
1.11,2.8684073464102067,0.5104716809549508
1.11,2.968407346410207,0.5324494331365797
1.11,3.068407346410207,0.5327460936620859
1.2100000000000002,-3.1315926535897933,0.5110511097784183
1.2100000000000002,-3.0315926535897932,0.4965382595006476
1.2100000000000002,-2.931592653589793,0.5039664287846958
1.2100000000000002,-2.8315926535897935,0.48386371123590977
1.2100000000000002,-2.7315926535897934,0.5142965346725855
1.2100000000000002,-2.6315926535897933,0.4696292276278926
1.2100000000000002,-2.5315926535897932,0.4819020092148787
1.2100000000000002,-2.431592653589793,0.4979564462525259
1.2100000000000002,-2.3315926535897935,0.47012834649426655
1.2100000000000002,-2.2315926535897934,0.44353308374618544
1.2100000000000002,-2.1315926535897933,0.4526912913340988
1.2100000000000002,-2.0315926535897932,0.4796892482665335
1.2100000000000002,-1.9315926535897932,0.44571458403885
1.2100000000000002,-1.8315926535897933,0.4370387996214563
1.2100000000000002,-1.7315926535897932,0.391933131995982
1.2100000000000002,-1.6315926535897933,0.43010107986397816
1.2100000000000002,-1.5315926535897932,0.4079302986749841
1.2100000000000002,-1.4315926535897932,0.3901177335142895
1.2100000000000002,-1.3315926535897933,0.3907919586147841
1.2100000000000002,-1.2315926535897932,0.39541916459314425
1.2100000000000002,-1.1315926535897933,0.4051289829797358
1.2100000000000002,-1.0315926535897932,0.3843387444010067
1.2100000000000002,-0.9315926535897932,0.3800345352706801
1.2100000000000002,-0.8315926535897931,0.38850116467459794
1.2100000000000002,-0.731592653589793,0.36837516462287406
1.2100000000000002,-0.6315926535897933,0.37433875025407043
1.2100000000000002,-0.5315926535897932,0.3801286544026083
1.2100000000000002,-0.43159265358979315,0.37687707438550555
1.2100000000000002,-0.33159265358979306,0.3556277244003226
1.2100000000000002,-0.23159265358979297,0.3716537724016933
1.2100000000000002,-0.13159265358979333,0.392201522574241
1.2100000000000002,-0.03159265358979324,0.3521361120555129
1.2100000000000002,0.06840734641020685,0.3743079202462588
1.2100000000000002,0.16840734641020694,0.39112608447064345
1.2100000000000002,0.268407346410207,0.3758919776656337
1.2100000000000002,0.36840734641020667,0.391049302922468
1.2100000000000002,0.46840734641020676,0.3805999395381591
1.2100000000000002,0.5684073464102068,0.3767386803377986
1.2100000000000002,0.6684073464102069,0.4023066685051915
1.2100000000000002,0.768407346410207,0.3761875933512723
1.2100000000000002,0.8684073464102067,0.3856229353106021
1.2100000000000002,0.9684073464102072,0.3569651057784943
1.2100000000000002,1.0684073464102068,0.37581215191515444
1.2100000000000002,1.1684073464102065,0.4004647719151722
1.2100000000000002,1.268407346410207,0.40251237182948524
1.2100000000000002,1.3684073464102067,0.36803365654876374
1.2100000000000002,1.4684073464102072,0.4002466419428258
1.2100000000000002,1.5684073464102068,0.40057823961725303
1.2100000000000002,1.6684073464102074,0.39124296206231324
1.2100000000000002,1.768407346410207,0.4321607572261704
1.2100000000000002,1.8684073464102067,0.4111089822371519
1.2100000000000002,1.9684073464102072,0.41810016031886044
1.2100000000000002,2.068407346410207,0.4222623652392227
1.2100000000000002,2.1684073464102074,0.4628856941675073
1.2100000000000002,2.268407346410207,0.46090593127111695
1.2100000000000002,2.3684073464102067,0.44225709992769024
1.2100000000000002,2.468407346410207,0.47194739643385547
1.2100000000000002,2.568407346410207,0.5081968102489007
1.2100000000000002,2.6684073464102074,0.49395149613586214
1.2100000000000002,2.768407346410207,0.48624957197870844
1.2100000000000002,2.8684073464102067,0.4839841672876368
1.2100000000000002,2.968407346410207,0.4990693911258525
1.2100000000000002,3.068407346410207,0.509879315119518
1.3100000000000003,-3.1315926535897933,0.4984613662928934
1.3100000000000003,-3.0315926535897932,0.4720486420341352
1.3100000000000003,-2.931592653589793,0.4820013234424409
1.3100000000000003,-2.8315926535897935,0.4571347916647607
1.3100000000000003,-2.7315926535897934,0.4508826421481726
1.3100000000000003,-2.6315926535897933,0.47416452620277044
1.3100000000000003,-2.5315926535897932,0.4761500845123449
1.3100000000000003,-2.431592653589793,0.452171636426647
1.3100000000000003,-2.3315926535897935,0.44707020755142896
1.3100000000000003,-2.2315926535897934,0.4357376824471589
1.3100000000000003,-2.1315926535897933,0.44493294817046547
1.3100000000000003,-2.0315926535897932,0.4248097183223639
1.3100000000000003,-1.9315926535897932,0.38557197916731484
1.3100000000000003,-1.8315926535897933,0.443681187900293
1.3100000000000003,-1.7315926535897932,0.372177743017137
1.3100000000000003,-1.6315926535897933,0.3983279540348083
1.3100000000000003,-1.5315926535897932,0.3701060338081867
1.3100000000000003,-1.4315926535897932,0.4084057939160403
1.3100000000000003,-1.3315926535897933,0.359874144650763
1.3100000000000003,-1.2315926535897932,0.35938642843337987
1.3100000000000003,-1.1315926535897933,0.3554892554534638
1.3100000000000003,-1.0315926535897932,0.36057546398508106
1.3100000000000003,-0.9315926535897932,0.34282821199920377
1.3100000000000003,-0.8315926535897931,0.33238835667672006
1.3100000000000003,-0.731592653589793,0.346510477345294
1.3100000000000003,-0.6315926535897933,0.33464105018076445
1.3100000000000003,-0.5315926535897932,0.3112739965888704
1.3100000000000003,-0.43159265358979315,0.3394156159650401
1.3100000000000003,-0.33159265358979306,0.2896497294965405
1.3100000000000003,-0.23159265358979297,0.31684898840950915
1.3100000000000003,-0.13159265358979333,0.32444947000963165
1.3100000000000003,-0.03159265358979324,0.31740241231469535
1.3100000000000003,0.06840734641020685,0.3180657148672191
1.3100000000000003,0.16840734641020694,0.3125277495655304
1.3100000000000003,0.268407346410207,0.3340459214794143
1.3100000000000003,0.36840734641020667,0.32650946405312176
1.3100000000000003,0.46840734641020676,0.34755436969263814
1.3100000000000003,0.5684073464102068,0.32774524320572224
1.3100000000000003,0.6684073464102069,0.352023171698164
1.3100000000000003,0.768407346410207,0.3255043026035136
1.3100000000000003,0.8684073464102067,0.3273441892098734
1.3100000000000003,0.9684073464102072,0.357935039964912
1.3100000000000003,1.0684073464102068,0.3676773827586698
1.3100000000000003,1.1684073464102065,0.332429039188099
1.3100000000000003,1.268407346410207,0.39165575228275984
1.3100000000000003,1.3684073464102067,0.40988283080970944
1.3100000000000003,1.4684073464102072,0.4084694719801254
1.3100000000000003,1.5684073464102068,0.3949635774656751
1.3100000000000003,1.6684073464102074,0.4034791166532314
1.3100000000000003,1.768407346410207,0.42074615354633216
1.3100000000000003,1.8684073464102067,0.409053383250345
1.3100000000000003,1.9684073464102072,0.42358118012248835
1.3100000000000003,2.068407346410207,0.41874093249252964
1.3100000000000003,2.1684073464102074,0.47206101004325757
1.3100000000000003,2.268407346410207,0.4471664089115715
1.3100000000000003,2.3684073464102067,0.4189706712678133
1.3100000000000003,2.468407346410207,0.45702643279305055
1.3100000000000003,2.568407346410207,0.48866752423635285
1.3100000000000003,2.6684073464102074,0.47212377724925597
1.3100000000000003,2.768407346410207,0.5013553000108102
1.3100000000000003,2.8684073464102067,0.4918644838552391
1.3100000000000003,2.968407346410207,0.4769205753669197
1.3100000000000003,3.068407346410207,0.48723433356243123
1.4100000000000001,-3.1315926535897933,0.4616683309139381
1.4100000000000001,-3.0315926535897932,0.4438202462496293
1.4100000000000001,-2.931592653589793,0.4384880083143282
1.4100000000000001,-2.8315926535897935,0.4366858364623415
1.4100000000000001,-2.7315926535897934,0.4157614051783737
1.4100000000000001,-2.6315926535897933,0.43132827046546457
1.4100000000000001,-2.5315926535897932,0.4086404364633932
1.4100000000000001,-2.431592653589793,0.4385840432138784
1.4100000000000001,-2.3315926535897935,0.4153248100867196
1.4100000000000001,-2.2315926535897934,0.42042340704662134
1.4100000000000001,-2.1315926535897933,0.42375175257850556
1.4100000000000001,-2.0315926535897932,0.41224299788988167
1.4100000000000001,-1.9315926535897932,0.39887836004798605
1.4100000000000001,-1.8315926535897933,0.4047974171696097
1.4100000000000001,-1.7315926535897932,0.3920556639434679
1.4100000000000001,-1.6315926535897933,0.41061619908139063
1.4100000000000001,-1.5315926535897932,0.4105563993525642
1.4100000000000001,-1.4315926535897932,0.3256872246601975
1.4100000000000001,-1.3315926535897933,0.3519049314217429
1.4100000000000001,-1.2315926535897932,0.3571958363205491
1.4100000000000001,-1.1315926535897933,0.34449225194673166
1.4100000000000001,-1.0315926535897932,0.3285609493955518
1.4100000000000001,-0.9315926535897932,0.3146125505806668
1.4100000000000001,-0.8315926535897931,0.32132343936598656
1.4100000000000001,-0.731592653589793,0.3248607622142664
1.4100000000000001,-0.6315926535897933,0.2908075547577304
1.4100000000000001,-0.5315926535897932,0.28760865065839447
1.4100000000000001,-0.43159265358979315,0.29139843458005266
1.4100000000000001,-0.33159265358979306,0.2807719502473588
1.4100000000000001,-0.23159265358979297,0.2681972885369099
1.4100000000000001,-0.13159265358979333,0.269057547803159
1.4100000000000001,-0.03159265358979324,0.27531033351679735
1.4100000000000001,0.06840734641020685,0.28313885565719843
1.4100000000000001,0.16840734641020694,0.2805478990544745
1.4100000000000001,0.268407346410207,0.28501605191309265
1.4100000000000001,0.36840734641020667,0.2847259874487236
1.4100000000000001,0.46840734641020676,0.2842908632619389
1.4100000000000001,0.5684073464102068,0.28127154594910425
1.4100000000000001,0.6684073464102069,0.28920352522567133
1.4100000000000001,0.768407346410207,0.3053054517869514
1.4100000000000001,0.8684073464102067,0.32889518836700493
1.4100000000000001,0.9684073464102072,0.32471544979168093
1.4100000000000001,1.0684073464102068,0.31279285353021163
1.4100000000000001,1.1684073464102065,0.33608251039527737
1.4100000000000001,1.268407346410207,0.32362925094024086
1.4100000000000001,1.3684073464102067,0.3286853544381361
1.4100000000000001,1.4684073464102072,0.36453535948266697
1.4100000000000001,1.5684073464102068,0.3804340360855186
1.4100000000000001,1.6684073464102074,0.3819351159827779
1.4100000000000001,1.768407346410207,0.4125501276516822
1.4100000000000001,1.8684073464102067,0.40945970967417367
1.4100000000000001,1.9684073464102072,0.38821804123971215
1.4100000000000001,2.068407346410207,0.4058013289104906
1.4100000000000001,2.1684073464102074,0.38344748427134634
1.4100000000000001,2.268407346410207,0.434885296550134
1.4100000000000001,2.3684073464102067,0.4298399601911167
1.4100000000000001,2.468407346410207,0.40626839114001057
1.4100000000000001,2.568407346410207,0.4117514431751285
1.4100000000000001,2.6684073464102074,0.44377063376391823
1.4100000000000001,2.768407346410207,0.4034710190529609
1.4100000000000001,2.8684073464102067,0.43501990096980914
1.4100000000000001,2.968407346410207,0.4360693465261119
1.4100000000000001,3.068407346410207,0.47028939696432365
1.5100000000000002,-3.1315926535897933,0.3863450342472166
1.5100000000000002,-3.0315926535897932,0.3862527722709325
1.5100000000000002,-2.931592653589793,0.38966053823765645
1.5100000000000002,-2.8315926535897935,0.3834787162212978
1.5100000000000002,-2.7315926535897934,0.4054430786656581
1.5100000000000002,-2.6315926535897933,0.4030564305918265
1.5100000000000002,-2.5315926535897932,0.4123939328312479
1.5100000000000002,-2.431592653589793,0.38869624531847524
1.5100000000000002,-2.3315926535897935,0.3784650940396025
1.5100000000000002,-2.2315926535897934,0.3877233736226734
1.5100000000000002,-2.1315926535897933,0.38731326921429715
1.5100000000000002,-2.0315926535897932,0.3752910865619813
1.5100000000000002,-1.9315926535897932,0.3764209043823683
1.5100000000000002,-1.8315926535897933,0.34842267713113656
1.5100000000000002,-1.7315926535897932,0.37248827413575925
1.5100000000000002,-1.6315926535897933,0.3321423284775235
1.5100000000000002,-1.5315926535897932,0.3497505574890108
1.5100000000000002,-1.4315926535897932,0.3598795259495312
1.5100000000000002,-1.3315926535897933,0.32672588593381346
1.5100000000000002,-1.2315926535897932,0.33854425855061665
1.5100000000000002,-1.1315926535897933,0.3257516793631363
1.5100000000000002,-1.0315926535897932,0.31838944982429385
1.5100000000000002,-0.9315926535897932,0.2697207681815602
1.5100000000000002,-0.8315926535897931,0.24695429525586765
1.5100000000000002,-0.731592653589793,0.3227296922506928
1.5100000000000002,-0.6315926535897933,0.2748514751049704
1.5100000000000002,-0.5315926535897932,0.25822141612076616
1.5100000000000002,-0.43159265358979315,0.2536501683639024
1.5100000000000002,-0.33159265358979306,0.23809298830518683
1.5100000000000002,-0.23159265358979297,0.257219600995671
1.5100000000000002,-0.13159265358979333,0.2479230378207653
1.5100000000000002,-0.03159265358979324,0.23693875331026804
1.5100000000000002,0.06840734641020685,0.2700541074473509
1.5100000000000002,0.16840734641020694,0.2306164051312169
1.5100000000000002,0.268407346410207,0.24913395095413932
1.5100000000000002,0.36840734641020667,0.22791635688019718
1.5100000000000002,0.46840734641020676,0.24623876843258452
1.5100000000000002,0.5684073464102068,0.2447865683590607
1.5100000000000002,0.6684073464102069,0.2535799785914103
1.5100000000000002,0.768407346410207,0.27658064783986036
1.5100000000000002,0.8684073464102067,0.27328993032754045
1.5100000000000002,0.9684073464102072,0.307775378885775
1.5100000000000002,1.0684073464102068,0.29673439604762103
1.5100000000000002,1.1684073464102065,0.31911329873404537
1.5100000000000002,1.268407346410207,0.32624149844972156
1.5100000000000002,1.3684073464102067,0.3221684663342749
1.5100000000000002,1.4684073464102072,0.3454996813939259
1.5100000000000002,1.5684073464102068,0.33954732689078543
1.5100000000000002,1.6684073464102074,0.34251473236387076
1.5100000000000002,1.768407346410207,0.34412807239036414
1.5100000000000002,1.8684073464102067,0.354984382125991
1.5100000000000002,1.9684073464102072,0.3853009918608257
1.5100000000000002,2.068407346410207,0.3997202781429154
1.5100000000000002,2.1684073464102074,0.382612588124674
1.5100000000000002,2.268407346410207,0.4137987324865254
1.5100000000000002,2.3684073464102067,0.4079601998220417
1.5100000000000002,2.468407346410207,0.4043757072823596
1.5100000000000002,2.568407346410207,0.37583659696529864
1.5100000000000002,2.6684073464102074,0.4234522940161852
1.5100000000000002,2.768407346410207,0.40809991553394653
1.5100000000000002,2.8684073464102067,0.38750485522754086
1.5100000000000002,2.968407346410207,0.3905549165758541
1.5100000000000002,3.068407346410207,0.38868099707044057
1.61,-3.1315926535897933,0.3183764638809405
1.61,-3.0315926535897932,0.35151388581761145
1.61,-2.931592653589793,0.3319946221421205
1.61,-2.8315926535897935,0.3523528940197118
1.61,-2.7315926535897934,0.3542687464385083
1.61,-2.6315926535897933,0.37338396616173586
1.61,-2.5315926535897932,0.3770275980563629
1.61,-2.431592653589793,0.33952050691178437
1.61,-2.3315926535897935,0.33836662714770327
1.61,-2.2315926535897934,0.3304189394342477
1.61,-2.1315926535897933,0.3447092978835876
1.61,-2.0315926535897932,0.34201751067147956
1.61,-1.9315926535897932,0.356731977484147
1.61,-1.8315926535897933,0.31880285538485165
1.61,-1.7315926535897932,0.31830411596847863
1.61,-1.6315926535897933,0.30867547868380785
1.61,-1.5315926535897932,0.34524068397147756
1.61,-1.4315926535897932,0.3056548474913069
1.61,-1.3315926535897933,0.3195658496054906
1.61,-1.2315926535897932,0.28269275240282504
1.61,-1.1315926535897933,0.2962029271608033
1.61,-1.0315926535897932,0.29516306421590527
1.61,-0.9315926535897932,0.30834166966519905
1.61,-0.8315926535897931,0.27338004881060096
1.61,-0.731592653589793,0.23649663608379767
1.61,-0.6315926535897933,0.2624302325202228
1.61,-0.5315926535897932,0.23637047566955077
1.61,-0.43159265358979315,0.2312572583819957
1.61,-0.33159265358979306,0.22672252434726592
1.61,-0.23159265358979297,0.2331206611182703
1.61,-0.13159265358979333,0.24776647164454876
1.61,-0.03159265358979324,0.24374260987495117
1.61,0.06840734641020685,0.22318837928955326
1.61,0.16840734641020694,0.24813711042317343
1.61,0.268407346410207,0.22873411833816346
1.61,0.36840734641020667,0.2220361879368558
1.61,0.46840734641020676,0.251890702293129
1.61,0.5684073464102068,0.22723967500429354
1.61,0.6684073464102069,0.24257471194280564
1.61,0.768407346410207,0.2749359236553918
1.61,0.8684073464102067,0.29553774129837607
1.61,0.9684073464102072,0.296981324449132
1.61,1.0684073464102068,0.30082566204029326
1.61,1.1684073464102065,0.2784840372270449
1.61,1.268407346410207,0.3105906539088097
1.61,1.3684073464102067,0.3106183209479137
1.61,1.4684073464102072,0.3384066785572068
1.61,1.5684073464102068,0.3053538836210659
1.61,1.6684073464102074,0.3330439421419901
1.61,1.768407346410207,0.33616690255795856
1.61,1.8684073464102067,0.3267968761957381
1.61,1.9684073464102072,0.3432904965655428
1.61,2.068407346410207,0.3484895345818715
1.61,2.1684073464102074,0.32709941423401656
1.61,2.268407346410207,0.33093617747259396
1.61,2.3684073464102067,0.36075763423311197
1.61,2.468407346410207,0.318283887239699
1.61,2.568407346410207,0.3384120660335468
1.61,2.6684073464102074,0.3193007032941561
1.61,2.768407346410207,0.335802832279402
1.61,2.8684073464102067,0.3554604820679369
1.61,2.968407346410207,0.361062733142811
1.61,3.068407346410207,0.36299126850430874
1.7100000000000002,-3.1315926535897933,0.3096648652511258
1.7100000000000002,-3.0315926535897932,0.2911087792848354
1.7100000000000002,-2.931592653589793,0.2833350590865102
1.7100000000000002,-2.8315926535897935,0.25452894568291606
1.7100000000000002,-2.7315926535897934,0.28386269669330627
1.7100000000000002,-2.6315926535897933,0.26749660660158125
1.7100000000000002,-2.5315926535897932,0.2981512726454153
1.7100000000000002,-2.431592653589793,0.28411497630197424
1.7100000000000002,-2.3315926535897935,0.3103966797461203
1.7100000000000002,-2.2315926535897934,0.29008070935089736
1.7100000000000002,-2.1315926535897933,0.26968174225586505
1.7100000000000002,-2.0315926535897932,0.3242654809206993
1.7100000000000002,-1.9315926535897932,0.313926899261575
1.7100000000000002,-1.8315926535897933,0.27368301356233765
1.7100000000000002,-1.7315926535897932,0.29821132047539023
1.7100000000000002,-1.6315926535897933,0.3186163740156149
1.7100000000000002,-1.5315926535897932,0.28164674004802526
1.7100000000000002,-1.4315926535897932,0.2326865815214072
1.7100000000000002,-1.3315926535897933,0.2975241678984621
1.7100000000000002,-1.2315926535897932,0.2899426485517507
1.7100000000000002,-1.1315926535897933,0.25741412128639063
1.7100000000000002,-1.0315926535897932,0.2637365093002721
1.7100000000000002,-0.9315926535897932,0.2626891072676089
1.7100000000000002,-0.8315926535897931,0.2769988864226828
1.7100000000000002,-0.731592653589793,0.29874480736616643
1.7100000000000002,-0.6315926535897933,0.25150822012694374
1.7100000000000002,-0.5315926535897932,0.2633144087856316
1.7100000000000002,-0.43159265358979315,0.2472166223041978
1.7100000000000002,-0.33159265358979306,0.23606037625480125
1.7100000000000002,-0.23159265358979297,0.23681296110068278
1.7100000000000002,-0.13159265358979333,0.2312803915525198
1.7100000000000002,-0.03159265358979324,0.2571606956786904
1.7100000000000002,0.06840734641020685,0.23582864323383307
1.7100000000000002,0.16840734641020694,0.243771203777997
1.7100000000000002,0.268407346410207,0.27451417781329046
1.7100000000000002,0.36840734641020667,0.2678410599594353
1.7100000000000002,0.46840734641020676,0.22739512790281305
1.7100000000000002,0.5684073464102068,0.25637677390059854
1.7100000000000002,0.6684073464102069,0.25881944940282536
1.7100000000000002,0.768407346410207,0.25259240183069304
1.7100000000000002,0.8684073464102067,0.2489387151379182
1.7100000000000002,0.9684073464102072,0.26980130341870134
1.7100000000000002,1.0684073464102068,0.2757855318173983
1.7100000000000002,1.1684073464102065,0.29113462976344767
1.7100000000000002,1.268407346410207,0.26209320707667444
1.7100000000000002,1.3684073464102067,0.2757771467177751
1.7100000000000002,1.4684073464102072,0.29682525613343275
1.7100000000000002,1.5684073464102068,0.30441137239828
1.7100000000000002,1.6684073464102074,0.2909812723502798
1.7100000000000002,1.768407346410207,0.3196527437939217
1.7100000000000002,1.8684073464102067,0.2770288535609773
1.7100000000000002,1.9684073464102072,0.28557593187700425
1.7100000000000002,2.068407346410207,0.29551122853655964
1.7100000000000002,2.1684073464102074,0.28052821106957015
1.7100000000000002,2.268407346410207,0.29908779914743766
1.7100000000000002,2.3684073464102067,0.3048868446995685
1.7100000000000002,2.468407346410207,0.2894629210117007
1.7100000000000002,2.568407346410207,0.267585037559751
1.7100000000000002,2.6684073464102074,0.29870242651272016
1.7100000000000002,2.768407346410207,0.29292252495954935
1.7100000000000002,2.8684073464102067,0.2745739827317385
1.7100000000000002,2.968407346410207,0.28599858972233516
1.7100000000000002,3.068407346410207,0.2899071688583475
1.81,-3.1315926535897933,0.2363205677767407
1.81,-3.0315926535897932,0.22546187036332543
1.81,-2.931592653589793,0.2194592497438343
1.81,-2.8315926535897935,0.21782068154139306
1.81,-2.7315926535897934,0.24720866057702806
1.81,-2.6315926535897933,0.22354646829555086
1.81,-2.5315926535897932,0.22634222675364096
1.81,-2.431592653589793,0.2278629007435916
1.81,-2.3315926535897935,0.20586711305988525
1.81,-2.2315926535897934,0.21422993780487232
1.81,-2.1315926535897933,0.2175092665475049
1.81,-2.0315926535897932,0.252816574936257
1.81,-1.9315926535897932,0.2309328063685896
1.81,-1.8315926535897933,0.2508645617523906
1.81,-1.7315926535897932,0.22930886564477715
1.81,-1.6315926535897933,0.22140688860323163
1.81,-1.5315926535897932,0.22998678932752076
1.81,-1.4315926535897932,0.2366520617750968
1.81,-1.3315926535897933,0.241335171608433
1.81,-1.2315926535897932,0.23200157580883868
1.81,-1.1315926535897933,0.25160683765187075
1.81,-1.0315926535897932,0.24191202088214214
1.81,-0.9315926535897932,0.29712656038421226
1.81,-0.8315926535897931,0.2770377319869598
1.81,-0.731592653589793,0.271494558410156
1.81,-0.6315926535897933,0.2578628660728163
1.81,-0.5315926535897932,0.2315981158666779
1.81,-0.43159265358979315,0.2636375452467849
1.81,-0.33159265358979306,0.2591644173460063
1.81,-0.23159265358979297,0.2391615396665031
1.81,-0.13159265358979333,0.2692280269085131
1.81,-0.03159265358979324,0.2490559123637096
1.81,0.06840734641020685,0.26491187319189313
1.81,0.16840734641020694,0.2679839399957274
1.81,0.268407346410207,0.25223371688083607
1.81,0.36840734641020667,0.26300671946334486
1.81,0.46840734641020676,0.2529220587026759
1.81,0.5684073464102068,0.22952493915143327
1.81,0.6684073464102069,0.24070881081383014
1.81,0.768407346410207,0.26693535034625393
1.81,0.8684073464102067,0.23077284658271918
1.81,0.9684073464102072,0.259823071815215
1.81,1.0684073464102068,0.24865181059047403
1.81,1.1684073464102065,0.25488231816764395
1.81,1.268407346410207,0.22733192776355798
1.81,1.3684073464102067,0.25571747984965637
1.81,1.4684073464102072,0.26196142541729517
1.81,1.5684073464102068,0.22201256385287263
1.81,1.6684073464102074,0.24716124404786452
1.81,1.768407346410207,0.259100164469771
1.81,1.8684073464102067,0.2271546364868637
1.81,1.9684073464102072,0.20643245121940415
1.81,2.068407346410207,0.24765419750442427
1.81,2.1684073464102074,0.21776359194745987
1.81,2.268407346410207,0.216374309987527
1.81,2.3684073464102067,0.22327303828791928
1.81,2.468407346410207,0.22412703832950004
1.81,2.568407346410207,0.23774036711862723
1.81,2.6684073464102074,0.25551782628956066
1.81,2.768407346410207,0.21472002740962043
1.81,2.8684073464102067,0.22189371224625476
1.81,2.968407346410207,0.2642824121062326
1.81,3.068407346410207,0.20293661727611717
1.9100000000000001,-3.1315926535897933,0.19395366788781943
1.9100000000000001,-3.0315926535897932,0.17880350727381672
1.9100000000000001,-2.931592653589793,0.17763961015888557
1.9100000000000001,-2.8315926535897935,0.1583789164487942
1.9100000000000001,-2.7315926535897934,0.1713642216839022
1.9100000000000001,-2.6315926535897933,0.14901242481314014
1.9100000000000001,-2.5315926535897932,0.17766567033204383
1.9100000000000001,-2.431592653589793,0.1625324300154249
1.9100000000000001,-2.3315926535897935,0.12997982440226952
1.9100000000000001,-2.2315926535897934,0.16190647752981108
1.9100000000000001,-2.1315926535897933,0.19846787399043736
1.9100000000000001,-2.0315926535897932,0.17687401637886896
1.9100000000000001,-1.9315926535897932,0.17555822891140097
1.9100000000000001,-1.8315926535897933,0.17024942288321177
1.9100000000000001,-1.7315926535897932,0.16759583358594746
1.9100000000000001,-1.6315926535897933,0.17322912044961253
1.9100000000000001,-1.5315926535897932,0.1923135298141121
1.9100000000000001,-1.4315926535897932,0.20389314617640353
1.9100000000000001,-1.3315926535897933,0.19282081410318797
1.9100000000000001,-1.2315926535897932,0.21421995600456345
1.9100000000000001,-1.1315926535897933,0.22669716752249156
1.9100000000000001,-1.0315926535897932,0.20681976446286027
1.9100000000000001,-0.9315926535897932,0.2268379088934295
1.9100000000000001,-0.8315926535897931,0.2452004963356949
1.9100000000000001,-0.731592653589793,0.24834415976323979
1.9100000000000001,-0.6315926535897933,0.21854522789940076
1.9100000000000001,-0.5315926535897932,0.23777692349188512
1.9100000000000001,-0.43159265358979315,0.2466215733113188
1.9100000000000001,-0.33159265358979306,0.2579810788897626
1.9100000000000001,-0.23159265358979297,0.25530119383008004
1.9100000000000001,-0.13159265358979333,0.24380873136423709
1.9100000000000001,-0.03159265358979324,0.2683718042270635
1.9100000000000001,0.06840734641020685,0.2748065137094406
1.9100000000000001,0.16840734641020694,0.262325737321827
1.9100000000000001,0.268407346410207,0.28077868157401664
1.9100000000000001,0.36840734641020667,0.2619658840795801
1.9100000000000001,0.46840734641020676,0.2682082863672764
1.9100000000000001,0.5684073464102068,0.2125347007285931
1.9100000000000001,0.6684073464102069,0.2698773331303623
1.9100000000000001,0.768407346410207,0.22170374705977264
1.9100000000000001,0.8684073464102067,0.19225494251964576
1.9100000000000001,0.9684073464102072,0.224335834622865
1.9100000000000001,1.0684073464102068,0.221844579716297
1.9100000000000001,1.1684073464102065,0.2117400366548959
1.9100000000000001,1.268407346410207,0.20936081158757713
1.9100000000000001,1.3684073464102067,0.1992109943495494
1.9100000000000001,1.4684073464102072,0.2038618589872038
1.9100000000000001,1.5684073464102068,0.17833673918862192
1.9100000000000001,1.6684073464102074,0.18255669184796705
1.9100000000000001,1.768407346410207,0.17226448298497776
1.9100000000000001,1.8684073464102067,0.20174271759850604
1.9100000000000001,1.9684073464102072,0.18384858319836903
1.9100000000000001,2.068407346410207,0.18362113161862664
1.9100000000000001,2.1684073464102074,0.1654162026007714
1.9100000000000001,2.268407346410207,0.17258929617889351
1.9100000000000001,2.3684073464102067,0.1595106168549888
1.9100000000000001,2.468407346410207,0.13898806941010028
1.9100000000000001,2.568407346410207,0.1735248017026753
1.9100000000000001,2.6684073464102074,0.1626221673408495
1.9100000000000001,2.768407346410207,0.18015308092908394
1.9100000000000001,2.8684073464102067,0.15915464192620365
1.9100000000000001,2.968407346410207,0.15453624597243204
1.9100000000000001,3.068407346410207,0.15849437969154279
2.01,-3.1315926535897933,0.09564877351206325
2.01,-3.0315926535897932,0.12572191267591715
2.01,-2.931592653589793,0.09154951653702936
2.01,-2.8315926535897935,0.0770192227190506
2.01,-2.7315926535897934,0.09986705377268668
2.01,-2.6315926535897933,0.12403314760034412
2.01,-2.5315926535897932,0.12304206313524024
2.01,-2.431592653589793,0.0841624176496984
2.01,-2.3315926535897935,0.11216980200636356
2.01,-2.2315926535897934,0.11144132409408825
2.01,-2.1315926535897933,0.11141463364361248
2.01,-2.0315926535897932,0.10471523660878046
2.01,-1.9315926535897932,0.11795591263387165
2.01,-1.8315926535897933,0.11890723319141641
2.01,-1.7315926535897932,0.11697493406480555
2.01,-1.6315926535897933,0.1408232053080657
2.01,-1.5315926535897932,0.09484194659671091
2.01,-1.4315926535897932,0.1286547437554309
2.01,-1.3315926535897933,0.14327992582235186
2.01,-1.2315926535897932,0.15412993258597069
2.01,-1.1315926535897933,0.1766793812191847
2.01,-1.0315926535897932,0.18250923574923883
2.01,-0.9315926535897932,0.20700807292422516
2.01,-0.8315926535897931,0.19394244005750993
2.01,-0.731592653589793,0.23762340910721977
2.01,-0.6315926535897933,0.21155689207648756
2.01,-0.5315926535897932,0.25062692867702707
2.01,-0.43159265358979315,0.2268189069782284
2.01,-0.33159265358979306,0.27515957865275165
2.01,-0.23159265358979297,0.24835628927661083
2.01,-0.13159265358979333,0.2667041661249965
2.01,-0.03159265358979324,0.2993858054587515
2.01,0.06840734641020685,0.2998942807793665
2.01,0.16840734641020694,0.2747544691248838
2.01,0.268407346410207,0.28008107570625507
2.01,0.36840734641020667,0.27985385306923594
2.01,0.46840734641020676,0.23678832685754914
2.01,0.5684073464102068,0.24813975673397376
2.01,0.6684073464102069,0.2366505311082364
2.01,0.768407346410207,0.23271499724932612
2.01,0.8684073464102067,0.20280795008570587
2.01,0.9684073464102072,0.19983285958092153
2.01,1.0684073464102068,0.16045485882616936
2.01,1.1684073464102065,0.15606512295609967
2.01,1.268407346410207,0.15081178835379339
2.01,1.3684073464102067,0.16169113318892805
2.01,1.4684073464102072,0.10001702168293554
2.01,1.5684073464102068,0.13310326836145986
2.01,1.6684073464102074,0.11360136101384419
2.01,1.768407346410207,0.09685580672297195
2.01,1.8684073464102067,0.14822035312546564
2.01,1.9684073464102072,0.1111429591042909
2.01,2.068407346410207,0.0904851166985246
2.01,2.1684073464102074,0.10778205993803752
2.01,2.268407346410207,0.09725502830206895
2.01,2.3684073464102067,0.08276258083565452
2.01,2.468407346410207,0.11887322598201094
2.01,2.568407346410207,0.08266300342722604
2.01,2.6684073464102074,0.13142838047256522
2.01,2.768407346410207,0.09783818280719958
2.01,2.8684073464102067,0.11826929820916987
2.01,2.968407346410207,0.09461151098590892
2.01,3.068407346410207,0.10778885186124043
2.11,-3.1315926535897933,0.08167646967187625
2.11,-3.0315926535897932,0.06799539131361299
2.11,-2.931592653589793,0.04612404903594669
2.11,-2.8315926535897935,0.0744124907741388
2.11,-2.7315926535897934,0.04302725762051929
2.11,-2.6315926535897933,0.04797546906727279
2.11,-2.5315926535897932,0.036744730784897095
2.11,-2.431592653589793,0.0428882987999476
2.11,-2.3315926535897935,0.039719852138746126
2.11,-2.2315926535897934,0.049498917170952506
2.11,-2.1315926535897933,0.030357437073956217
2.11,-2.0315926535897932,0.025629007334085185
2.11,-1.9315926535897932,0.013399672408264673
2.11,-1.8315926535897933,0.022338256313334942
2.11,-1.7315926535897932,0.05138887382162624
2.11,-1.6315926535897933,0.04851783283892144
2.11,-1.5315926535897932,0.04747193366344593
2.11,-1.4315926535897932,0.11064468440267826
2.11,-1.3315926535897933,0.07431005346102318
2.11,-1.2315926535897932,0.11939778461948364
2.11,-1.1315926535897933,0.11218201787692814
2.11,-1.0315926535897932,0.114179612050485
2.11,-0.9315926535897932,0.13863409816634148
2.11,-0.8315926535897931,0.15645476468691394
2.11,-0.731592653589793,0.17122964971495505
2.11,-0.6315926535897933,0.2259343731977254
2.11,-0.5315926535897932,0.21190165498081834
2.11,-0.43159265358979315,0.23761957238573594
2.11,-0.33159265358979306,0.2643394169743126
2.11,-0.23159265358979297,0.26727231058856527
2.11,-0.13159265358979333,0.25604885257084453
2.11,-0.03159265358979324,0.2647167795521741
2.11,0.06840734641020685,0.2668186873275388
2.11,0.16840734641020694,0.26879344311342335
2.11,0.268407346410207,0.26126620102037845
2.11,0.36840734641020667,0.26436333172023474
2.11,0.46840734641020676,0.22165478301237393
2.11,0.5684073464102068,0.24562266979881614
2.11,0.6684073464102069,0.19007833102312602
2.11,0.768407346410207,0.15955174756019744
2.11,0.8684073464102067,0.17468169079008516
2.11,0.9684073464102072,0.138212057711786
2.11,1.0684073464102068,0.1284858655556537
2.11,1.1684073464102065,0.12273878981979622
2.11,1.268407346410207,0.10443780660430137
2.11,1.3684073464102067,0.08765395219261113
2.11,1.4684073464102072,0.049365656447980535
2.11,1.5684073464102068,0.06000106323442207
2.11,1.6684073464102074,0.028790023675255738
2.11,1.768407346410207,0.05208672049894458
2.11,1.8684073464102067,0.04811763694554197
2.11,1.9684073464102072,0.02833002977133725
2.11,2.068407346410207,0.03773463513000774
2.11,2.1684073464102074,0.007109714803150147
2.11,2.268407346410207,0.042433763855156514
2.11,2.3684073464102067,0.04250962449785811
2.11,2.468407346410207,0.051976000615044815
2.11,2.568407346410207,0.06361925577867766
2.11,2.6684073464102074,0.03289132730997035
2.11,2.768407346410207,0.045474901058903505
2.11,2.8684073464102067,0.06788366527791223
2.11,2.968407346410207,0.06185147481118014
2.11,3.068407346410207,0.06460853630662722
2.21,-3.1315926535897933,0.023226730048260036
2.21,-3.0315926535897932,-0.0015089155537911791
2.21,-2.931592653589793,-0.018218792507422865
2.21,-2.8315926535897935,0.010579812558722534
2.21,-2.7315926535897934,0.024447418143526134
2.21,-2.6315926535897933,-0.005986236070638751
2.21,-2.5315926535897932,-0.020812964020524294
2.21,-2.431592653589793,0.024884425443445435
2.21,-2.3315926535897935,-0.03160062636200123
2.21,-2.2315926535897934,-0.017123808192842538
2.21,-2.1315926535897933,-0.0420920803723876
2.21,-2.0315926535897932,-0.03199986171586716
2.21,-1.9315926535897932,-0.03716961986077355
2.21,-1.8315926535897933,-0.02956612948986076
2.21,-1.7315926535897932,-0.008846878557764143
2.21,-1.6315926535897933,-0.014849447040980734
2.21,-1.5315926535897932,-0.014219946071731784
2.21,-1.4315926535897932,-0.0016520881774020335
2.21,-1.3315926535897933,0.024075559871559717
2.21,-1.2315926535897932,0.02835646121578551
2.21,-1.1315926535897933,0.06186750102697753
2.21,-1.0315926535897932,0.06951887117530153
2.21,-0.9315926535897932,0.11080640285028653
2.21,-0.8315926535897931,0.11287724188986745
2.21,-0.731592653589793,0.15160409278497083
2.21,-0.6315926535897933,0.17344367007565423
2.21,-0.5315926535897932,0.15302255690079122
2.21,-0.43159265358979315,0.2164271201171985
2.21,-0.33159265358979306,0.20919348217183367
2.21,-0.23159265358979297,0.2282497306698668
2.21,-0.13159265358979333,0.23596107624755053
2.21,-0.03159265358979324,0.23440304179403937
2.21,0.06840734641020685,0.1926985950230375
2.21,0.16840734641020694,0.20738665254045419
2.21,0.268407346410207,0.2179160913492059
2.21,0.36840734641020667,0.20004051239711584
2.21,0.46840734641020676,0.22023238306468323
2.21,0.5684073464102068,0.17363429375581518
2.21,0.6684073464102069,0.12773999156814042
2.21,0.768407346410207,0.13598182364304243
2.21,0.8684073464102067,0.11814882443263197
2.21,0.9684073464102072,0.10614431310823823
2.21,1.0684073464102068,0.08280035667761393
2.21,1.1684073464102065,0.0236942714839406
2.21,1.268407346410207,0.016098211404996135
2.21,1.3684073464102067,0.01293592960832515
2.21,1.4684073464102072,0.0024449207692536362
2.21,1.5684073464102068,0.004161987738583631
2.21,1.6684073464102074,-0.012114139628395859
2.21,1.768407346410207,-0.007355300431109657
2.21,1.8684073464102067,-0.04780605054469625
2.21,1.9684073464102072,-0.032981645614003574
2.21,2.068407346410207,-0.023034081829007236
2.21,2.1684073464102074,-0.026321143755199505
2.21,2.268407346410207,-0.01470432922833842
2.21,2.3684073464102067,-0.027340361983101802
2.21,2.468407346410207,-0.040465216889606415
2.21,2.568407346410207,-0.027986839744349568
2.21,2.6684073464102074,0.019607789213252236
2.21,2.768407346410207,0.008643227255987096
2.21,2.8684073464102067,-0.001232474146528273
2.21,2.968407346410207,0.04335098147461225
2.21,3.068407346410207,0.004274513716900685
2.31,-3.1315926535897933,-0.03897240575239924
2.31,-3.0315926535897932,-0.03530194082001248
2.31,-2.931592653589793,-0.03375850338426323
2.31,-2.8315926535897935,-0.014489805261835409
2.31,-2.7315926535897934,-0.04989407671175139
2.31,-2.6315926535897933,-0.06053044088261955
2.31,-2.5315926535897932,-0.042662622346671675
2.31,-2.431592653589793,-0.07342157073047101
2.31,-2.3315926535897935,-0.07467740212191681
2.31,-2.2315926535897934,-0.08594587541895227
2.31,-2.1315926535897933,-0.08154031641449294
2.31,-2.0315926535897932,-0.09042800690270036
2.31,-1.9315926535897932,-0.09140280393373043
2.31,-1.8315926535897933,-0.07438252497715378
2.31,-1.7315926535897932,-0.10611636617737014
2.31,-1.6315926535897933,-0.09974522498864388
2.31,-1.5315926535897932,-0.07238632285233987
2.31,-1.4315926535897932,-0.07699447676318373
2.31,-1.3315926535897933,-0.09148302071428145
2.31,-1.2315926535897932,-0.03548997073495127
2.31,-1.1315926535897933,0.004881320407401968
2.31,-1.0315926535897932,-0.027492901857028323
2.31,-0.9315926535897932,0.024963065942488843
2.31,-0.8315926535897931,0.05204719370780314
2.31,-0.731592653589793,0.08095608269502624
2.31,-0.6315926535897933,0.08709555312767439
2.31,-0.5315926535897932,0.08362377376468216
2.31,-0.43159265358979315,0.1298303536295105
2.31,-0.33159265358979306,0.10500039314809839
2.31,-0.23159265358979297,0.16021722681947292
2.31,-0.13159265358979333,0.19121396196041357
2.31,-0.03159265358979324,0.1695017631070339
2.31,0.06840734641020685,0.15558914577139898
2.31,0.16840734641020694,0.14927695436276278
2.31,0.268407346410207,0.13279932043015297
2.31,0.36840734641020667,0.13485177948750826
2.31,0.46840734641020676,0.12632275185039216
2.31,0.5684073464102068,0.09363352599768177
2.31,0.6684073464102069,0.07118911729351812
2.31,0.768407346410207,0.0961579649771103
2.31,0.8684073464102067,0.022967834718936736
2.31,0.9684073464102072,-0.0015112927835563006
2.31,1.0684073464102068,-0.02579877902274602
2.31,1.1684073464102065,-0.03994334787525818
2.31,1.268407346410207,-0.024890791326050578
2.31,1.3684073464102067,-0.04759853392104026
2.31,1.4684073464102072,-0.07574972188636314
2.31,1.5684073464102068,-0.08575250995877305
2.31,1.6684073464102074,-0.09251583373962687
2.31,1.768407346410207,-0.10334677442101664
2.31,1.8684073464102067,-0.07488075193480276
2.31,1.9684073464102072,-0.10536901553193312
2.31,2.068407346410207,-0.10924817252705304
2.31,2.1684073464102074,-0.06521774677215136
2.31,2.268407346410207,-0.08250726083194193
2.31,2.3684073464102067,-0.04901828597840435
2.31,2.468407346410207,-0.05772618960317899
2.31,2.568407346410207,-0.07432083921347488
2.31,2.6684073464102074,-0.04202674449103838
2.31,2.768407346410207,-0.04766732794105333
2.31,2.8684073464102067,-0.05264138135176466
2.31,2.968407346410207,-0.04253840029564271
2.31,3.068407346410207,-0.029017677354236104
2.41,-3.1315926535897933,-0.05176221451752505
2.41,-3.0315926535897932,-0.08599583073562778
2.41,-2.931592653589793,-0.0882801205286059
2.41,-2.8315926535897935,-0.06355454806336558
2.41,-2.7315926535897934,-0.07865346984775118
2.41,-2.6315926535897933,-0.09439572570387872
2.41,-2.5315926535897932,-0.0898557816269599
2.41,-2.431592653589793,-0.1005257123625532
2.41,-2.3315926535897935,-0.14877949234106413
2.41,-2.2315926535897934,-0.13999733730737246
2.41,-2.1315926535897933,-0.15624519371675483
2.41,-2.0315926535897932,-0.14799814312288212
2.41,-1.9315926535897932,-0.15804444422743935
2.41,-1.8315926535897933,-0.16223557596928512
2.41,-1.7315926535897932,-0.15085443624309214
2.41,-1.6315926535897933,-0.16209363997759307
2.41,-1.5315926535897932,-0.15838074704406394
2.41,-1.4315926535897932,-0.15272487732560097
2.41,-1.3315926535897933,-0.14278357020187926
2.41,-1.2315926535897932,-0.11012024559641811
2.41,-1.1315926535897933,-0.10744167046326951
2.41,-1.0315926535897932,-0.0855784274630597
2.41,-0.9315926535897932,-0.041061271645986996
2.41,-0.8315926535897931,-0.016785518894093465
2.41,-0.731592653589793,-0.03152001628091611
2.41,-0.6315926535897933,0.01114377363031216
2.41,-0.5315926535897932,0.003921392031803972
2.41,-0.43159265358979315,0.03550176218305906
2.41,-0.33159265358979306,0.05501129962250889
2.41,-0.23159265358979297,0.06156095686180729
2.41,-0.13159265358979333,0.04306303248039056
2.41,-0.03159265358979324,0.032860014845871144
2.41,0.06840734641020685,0.056721389789307075
2.41,0.16840734641020694,0.039675169665009447
2.41,0.268407346410207,0.06287956722354449
2.41,0.36840734641020667,0.04400961021719385
2.41,0.46840734641020676,0.03455817955804996
2.41,0.5684073464102068,-0.0028925741810327255
2.41,0.6684073464102069,0.005227835606096937
2.41,0.768407346410207,-0.04855060014170498
2.41,0.8684073464102067,-0.04530238070624615
2.41,0.9684073464102072,-0.08524552756635888
2.41,1.0684073464102068,-0.0989429989301707
2.41,1.1684073464102065,-0.13571242345790344
2.41,1.268407346410207,-0.12773191241552997
2.41,1.3684073464102067,-0.12311686419750298
2.41,1.4684073464102072,-0.14358710318176585
2.41,1.5684073464102068,-0.15211763166589062
2.41,1.6684073464102074,-0.14868268038823437
2.41,1.768407346410207,-0.1676636620270392
2.41,1.8684073464102067,-0.1763782869540581
2.41,1.9684073464102072,-0.15445342341840215
2.41,2.068407346410207,-0.1564564188291493
2.41,2.1684073464102074,-0.11670436092752862
2.41,2.268407346410207,-0.15257134117221527
2.41,2.3684073464102067,-0.1257299557742773
2.41,2.468407346410207,-0.0998006665333967
2.41,2.568407346410207,-0.0734040154634314
2.41,2.6684073464102074,-0.06587559429259437
2.41,2.768407346410207,-0.07925975367211224
2.41,2.8684073464102067,-0.054875755328585574
2.41,2.968407346410207,-0.0795954150137812
2.41,3.068407346410207,-0.06232103059982863
2.5100000000000002,-3.1315926535897933,-0.07571572058910764
2.5100000000000002,-3.0315926535897932,-0.09802074788485482
2.5100000000000002,-2.931592653589793,-0.06305703667311097
2.5100000000000002,-2.8315926535897935,-0.08831444829143453
2.5100000000000002,-2.7315926535897934,-0.10810391142276765
2.5100000000000002,-2.6315926535897933,-0.09783217785519333
2.5100000000000002,-2.5315926535897932,-0.13110239408695706
2.5100000000000002,-2.431592653589793,-0.15181974706321516
2.5100000000000002,-2.3315926535897935,-0.1586110767310529
2.5100000000000002,-2.2315926535897934,-0.1553748481410357
2.5100000000000002,-2.1315926535897933,-0.19072867565809745
2.5100000000000002,-2.0315926535897932,-0.19318395704025462
2.5100000000000002,-1.9315926535897932,-0.20244447136256344
2.5100000000000002,-1.8315926535897933,-0.2240313499184716
2.5100000000000002,-1.7315926535897932,-0.2084796057046535
2.5100000000000002,-1.6315926535897933,-0.21631411147444857
2.5100000000000002,-1.5315926535897932,-0.18813272242392842
2.5100000000000002,-1.4315926535897932,-0.22498025126549726
2.5100000000000002,-1.3315926535897933,-0.18420601709586215
2.5100000000000002,-1.2315926535897932,-0.1983218883935149
2.5100000000000002,-1.1315926535897933,-0.22669861523262366
2.5100000000000002,-1.0315926535897932,-0.1868003808500007
2.5100000000000002,-0.9315926535897932,-0.1600488745575776
2.5100000000000002,-0.8315926535897931,-0.1372301159209402
2.5100000000000002,-0.731592653589793,-0.15451428291779212
2.5100000000000002,-0.6315926535897933,-0.09844542643064333
2.5100000000000002,-0.5315926535897932,-0.10329922455277027
2.5100000000000002,-0.43159265358979315,-0.09615209999788196
2.5100000000000002,-0.33159265358979306,-0.09498507544653906
2.5100000000000002,-0.23159265358979297,-0.08794867773323961
2.5100000000000002,-0.13159265358979333,-0.07592149986120844
2.5100000000000002,-0.03159265358979324,-0.06519518272481611
2.5100000000000002,0.06840734641020685,-0.0905576044689792
2.5100000000000002,0.16840734641020694,-0.06820198665140087
2.5100000000000002,0.268407346410207,-0.07875942091925525
2.5100000000000002,0.36840734641020667,-0.0917837584272263
2.5100000000000002,0.46840734641020676,-0.08888274218100412
2.5100000000000002,0.5684073464102068,-0.0933167714593171
2.5100000000000002,0.6684073464102069,-0.12009597992024898
2.5100000000000002,0.768407346410207,-0.13126149487004268
2.5100000000000002,0.8684073464102067,-0.16378989616871914
2.5100000000000002,0.9684073464102072,-0.1659549697358476
2.5100000000000002,1.0684073464102068,-0.1817511014693191
2.5100000000000002,1.1684073464102065,-0.18383227127177237
2.5100000000000002,1.268407346410207,-0.18683726455710511
2.5100000000000002,1.3684073464102067,-0.20211284496322787
2.5100000000000002,1.4684073464102072,-0.22516579667370276
2.5100000000000002,1.5684073464102068,-0.22411228735553798
2.5100000000000002,1.6684073464102074,-0.24592527191661398
2.5100000000000002,1.768407346410207,-0.20995754790003354
2.5100000000000002,1.8684073464102067,-0.198142087984587
2.5100000000000002,1.9684073464102072,-0.2075049538774549
2.5100000000000002,2.068407346410207,-0.20242701052643583
2.5100000000000002,2.1684073464102074,-0.19190946960386934
2.5100000000000002,2.268407346410207,-0.15223300397270334
2.5100000000000002,2.3684073464102067,-0.15792249400947278
2.5100000000000002,2.468407346410207,-0.1448184911066004
2.5100000000000002,2.568407346410207,-0.11873140093022516
2.5100000000000002,2.6684073464102074,-0.0965919005570029
2.5100000000000002,2.768407346410207,-0.09372833887476267
2.5100000000000002,2.8684073464102067,-0.09152121310771383
2.5100000000000002,2.968407346410207,-0.08733091388649478
2.5100000000000002,3.068407346410207,-0.07225855209592524
2.61,-3.1315926535897933,-0.0975087388049346
2.61,-3.0315926535897932,-0.11398330418525293
2.61,-2.931592653589793,-0.10772755949767349
2.61,-2.8315926535897935,-0.11779804707743047
2.61,-2.7315926535897934,-0.11685598502227107
2.61,-2.6315926535897933,-0.131040805629414
2.61,-2.5315926535897932,-0.144998047670378
2.61,-2.431592653589793,-0.16595255951603438
2.61,-2.3315926535897935,-0.1767720859848524
2.61,-2.2315926535897934,-0.19793671552181383
2.61,-2.1315926535897933,-0.2060747690997976
2.61,-2.0315926535897932,-0.22123317747227977
2.61,-1.9315926535897932,-0.24791402790667474
2.61,-1.8315926535897933,-0.2525987891159456
2.61,-1.7315926535897932,-0.25491206148961215
2.61,-1.6315926535897933,-0.26282146846158566
2.61,-1.5315926535897932,-0.26815723418089205
2.61,-1.4315926535897932,-0.2915064912955837
2.61,-1.3315926535897933,-0.2823407691761787
2.61,-1.2315926535897932,-0.2708911804677216
2.61,-1.1315926535897933,-0.26972036041028913
2.61,-1.0315926535897932,-0.28482521359832863
2.61,-0.9315926535897932,-0.2729385275023535
2.61,-0.8315926535897931,-0.2575512943229601
2.61,-0.731592653589793,-0.2652507832142745
2.61,-0.6315926535897933,-0.22452366520275585
2.61,-0.5315926535897932,-0.2340384547930718
2.61,-0.43159265358979315,-0.24348066555987563
2.61,-0.33159265358979306,-0.22700205570502854
2.61,-0.23159265358979297,-0.23254653400207523
2.61,-0.13159265358979333,-0.2392853217569971
2.61,-0.03159265358979324,-0.20935556984076403
2.61,0.06840734641020685,-0.19366563734552836
2.61,0.16840734641020694,-0.21479166559554058
2.61,0.268407346410207,-0.20785585458315628
2.61,0.36840734641020667,-0.23837258734742475
2.61,0.46840734641020676,-0.22973563445156372
2.61,0.5684073464102068,-0.24410091844103798
2.61,0.6684073464102069,-0.2370186643022597
2.61,0.768407346410207,-0.23525022704026588
2.61,0.8684073464102067,-0.25175036687977664
2.61,0.9684073464102072,-0.2570316356372507
2.61,1.0684073464102068,-0.2732652934244522
2.61,1.1684073464102065,-0.26238988983206357
2.61,1.268407346410207,-0.2638855713786358
2.61,1.3684073464102067,-0.2814638414844308
2.61,1.4684073464102072,-0.29162934928576223
2.61,1.5684073464102068,-0.29128284792414005
2.61,1.6684073464102074,-0.26321606572220224
2.61,1.768407346410207,-0.24310562513428471
2.61,1.8684073464102067,-0.25959052956353085
2.61,1.9684073464102072,-0.24006621506938913
2.61,2.068407346410207,-0.2395948578286278
2.61,2.1684073464102074,-0.1784931562356821
2.61,2.268407346410207,-0.20258166813571488
2.61,2.3684073464102067,-0.16662038465149145
2.61,2.468407346410207,-0.14787344072971936
2.61,2.568407346410207,-0.12690568243995876
2.61,2.6684073464102074,-0.11536114178189871
2.61,2.768407346410207,-0.11587860004871026
2.61,2.8684073464102067,-0.1069485100602785
2.61,2.968407346410207,-0.11235317129249611
2.61,3.068407346410207,-0.10769802444009702
2.71,-3.1315926535897933,-0.09199797747462968
2.71,-3.0315926535897932,-0.12685175560500506
2.71,-2.931592653589793,-0.10515932245775683
2.71,-2.8315926535897935,-0.1294545948610905
2.71,-2.7315926535897934,-0.13146794009181423
2.71,-2.6315926535897933,-0.1484037552778082
2.71,-2.5315926535897932,-0.1560377922826257
2.71,-2.431592653589793,-0.17623473535969372
2.71,-2.3315926535897935,-0.20975142794028814
2.71,-2.2315926535897934,-0.21904316050249947
2.71,-2.1315926535897933,-0.24274553262677379
2.71,-2.0315926535897932,-0.248128064017493
2.71,-1.9315926535897932,-0.2648957106101744
2.71,-1.8315926535897933,-0.29517641069695516
2.71,-1.7315926535897932,-0.29140366502108744
2.71,-1.6315926535897933,-0.3305225006615443
2.71,-1.5315926535897932,-0.3481746508974821
2.71,-1.4315926535897932,-0.3416833577674294
2.71,-1.3315926535897933,-0.3690962900560625
2.71,-1.2315926535897932,-0.36442797051605214
2.71,-1.1315926535897933,-0.3623818484322185
2.71,-1.0315926535897932,-0.3798454251656923
2.71,-0.9315926535897932,-0.3709725112917445
2.71,-0.8315926535897931,-0.3776446678441936
2.71,-0.731592653589793,-0.40585863992355087
2.71,-0.6315926535897933,-0.3742757575206891
2.71,-0.5315926535897932,-0.3736090226346403
2.71,-0.43159265358979315,-0.3514110210884528
2.71,-0.33159265358979306,-0.38452524918486664
2.71,-0.23159265358979297,-0.3570955371544089
2.71,-0.13159265358979333,-0.37435496444612015
2.71,-0.03159265358979324,-0.3357233431963962
2.71,0.06840734641020685,-0.3738171711825381
2.71,0.16840734641020694,-0.3829595508805305
2.71,0.268407346410207,-0.3561270442619106
2.71,0.36840734641020667,-0.35798318161642534
2.71,0.46840734641020676,-0.3774785621890918
2.71,0.5684073464102068,-0.38296297977195826
2.71,0.6684073464102069,-0.3766330449058397
2.71,0.768407346410207,-0.38186269475772117
2.71,0.8684073464102067,-0.383075129292099
2.71,0.9684073464102072,-0.3682354809488216
2.71,1.0684073464102068,-0.384311965093824
2.71,1.1684073464102065,-0.37836430705850943
2.71,1.268407346410207,-0.3498267191361982
2.71,1.3684073464102067,-0.3699554012204116
2.71,1.4684073464102072,-0.34750208190885873
2.71,1.5684073464102068,-0.3408021002157412
2.71,1.6684073464102074,-0.30942955491663604
2.71,1.768407346410207,-0.30667757697544096
2.71,1.8684073464102067,-0.29066941060392176
2.71,1.9684073464102072,-0.2608744700660024
2.71,2.068407346410207,-0.23885617850207783
2.71,2.1684073464102074,-0.22874071600645324
2.71,2.268407346410207,-0.21723533926027716
2.71,2.3684073464102067,-0.18669322542368783
2.71,2.468407346410207,-0.17421170478756937
2.71,2.568407346410207,-0.14672275591141842
2.71,2.6684073464102074,-0.12748776290616248
2.71,2.768407346410207,-0.1262446284026401
2.71,2.8684073464102067,-0.10913147059975004
2.71,2.968407346410207,-0.1151782619469029
2.71,3.068407346410207,-0.09469173862498953
2.81,-3.1315926535897933,-0.1200543099745689
2.81,-3.0315926535897932,-0.1200137461354607
2.81,-2.931592653589793,-0.1264571987999867
2.81,-2.8315926535897935,-0.13099902283032944
2.81,-2.7315926535897934,-0.1492732635041599
2.81,-2.6315926535897933,-0.15761050979759073
2.81,-2.5315926535897932,-0.16131750948490375
2.81,-2.431592653589793,-0.19640583126363312
2.81,-2.3315926535897935,-0.20225637344883235
2.81,-2.2315926535897934,-0.23132019256181802
2.81,-2.1315926535897933,-0.26307120535520206
2.81,-2.0315926535897932,-0.27016753197659527
2.81,-1.9315926535897932,-0.30926043880326354
2.81,-1.8315926535897933,-0.31966871225307314
2.81,-1.7315926535897932,-0.3355558940563128
2.81,-1.6315926535897933,-0.36016644059860625
2.81,-1.5315926535897932,-0.3781526827810886
2.81,-1.4315926535897932,-0.4135259331227879
2.81,-1.3315926535897933,-0.4321442516217
2.81,-1.2315926535897932,-0.43396979088553034
2.81,-1.1315926535897933,-0.45307179966308014
2.81,-1.0315926535897932,-0.4718647119851701
2.81,-0.9315926535897932,-0.4570276454749225
2.81,-0.8315926535897931,-0.494601475183694
2.81,-0.731592653589793,-0.4932821578339489
2.81,-0.6315926535897933,-0.5060376864506213
2.81,-0.5315926535897932,-0.5005009752200643
2.81,-0.43159265358979315,-0.4867536558597687
2.81,-0.33159265358979306,-0.4941780602662677
2.81,-0.23159265358979297,-0.4922012715469427
2.81,-0.13159265358979333,-0.5033306870756411
2.81,-0.03159265358979324,-0.5008749863784914
2.81,0.06840734641020685,-0.5346747880368774
2.81,0.16840734641020694,-0.49811397354629466
2.81,0.268407346410207,-0.5272549353930471
2.81,0.36840734641020667,-0.5240092296851455
2.81,0.46840734641020676,-0.5024707673067353
2.81,0.5684073464102068,-0.4801657026865668
2.81,0.6684073464102069,-0.485068220114697
2.81,0.768407346410207,-0.4882335584338108
2.81,0.8684073464102067,-0.4745447977669903
2.81,0.9684073464102072,-0.4559455022061367
2.81,1.0684073464102068,-0.4458470273763887
2.81,1.1684073464102065,-0.45246943116860433
2.81,1.268407346410207,-0.43059487622249276
2.81,1.3684073464102067,-0.41177410653553875
2.81,1.4684073464102072,-0.4062371563628201
2.81,1.5684073464102068,-0.3753663326161394
2.81,1.6684073464102074,-0.37437141459311324
2.81,1.768407346410207,-0.3382139369404086
2.81,1.8684073464102067,-0.31483721924911307
2.81,1.9684073464102072,-0.2847269471020085
2.81,2.068407346410207,-0.2848068821062698
2.81,2.1684073464102074,-0.24167381885101857
2.81,2.268407346410207,-0.2291985160506873
2.81,2.3684073464102067,-0.21681517717855409
2.81,2.468407346410207,-0.18110238769676967
2.81,2.568407346410207,-0.15254557619879514
2.81,2.6684073464102074,-0.16164384864790854
2.81,2.768407346410207,-0.13155856099459098
2.81,2.8684073464102067,-0.11233070104956033
2.81,2.968407346410207,-0.12681292249998555
2.81,3.068407346410207,-0.1237513078380384
2.91,-3.1315926535897933,-0.11126002794548387
2.91,-3.0315926535897932,-0.11849987665194187
2.91,-2.931592653589793,-0.12717093687641148
2.91,-2.8315926535897935,-0.12780955078499456
2.91,-2.7315926535897934,-0.15581878387847728
2.91,-2.6315926535897933,-0.14823145561432183
2.91,-2.5315926535897932,-0.18230436989912402
2.91,-2.431592653589793,-0.1810514980787143
2.91,-2.3315926535897935,-0.21242073088469204
2.91,-2.2315926535897934,-0.2454655298179048
2.91,-2.1315926535897933,-0.26563211347462334
2.91,-2.0315926535897932,-0.2897044946773541
2.91,-1.9315926535897932,-0.3039219211887133
2.91,-1.8315926535897933,-0.3313273571879914
2.91,-1.7315926535897932,-0.3478304502066566
2.91,-1.6315926535897933,-0.404916118103519
2.91,-1.5315926535897932,-0.4276210664482078
2.91,-1.4315926535897932,-0.43431104885480787
2.91,-1.3315926535897933,-0.46306266581818684
2.91,-1.2315926535897932,-0.5067000449243169
2.91,-1.1315926535897933,-0.5385739218235779
2.91,-1.0315926535897932,-0.5543118982170342
2.91,-0.9315926535897932,-0.544142814161317
2.91,-0.8315926535897931,-0.5582923562669388
2.91,-0.731592653589793,-0.5945334381298417
2.91,-0.6315926535897933,-0.6006103538602741
2.91,-0.5315926535897932,-0.600446883528759
2.91,-0.43159265358979315,-0.6229717611938022
2.91,-0.33159265358979306,-0.6301528153234834
2.91,-0.23159265358979297,-0.6431309828317597
2.91,-0.13159265358979333,-0.6311426886001009
2.91,-0.03159265358979324,-0.6355515293969773
2.91,0.06840734641020685,-0.6286687501629462
2.91,0.16840734641020694,-0.6331240846996715
2.91,0.268407346410207,-0.6285121000919592
2.91,0.36840734641020667,-0.6407766033010429
2.91,0.46840734641020676,-0.6239564999578591
2.91,0.5684073464102068,-0.614115603447299
2.91,0.6684073464102069,-0.5909512823473793
2.91,0.768407346410207,-0.571594451839386
2.91,0.8684073464102067,-0.5697042598267136
2.91,0.9684073464102072,-0.5443148038438874
2.91,1.0684073464102068,-0.532158035553585
2.91,1.1684073464102065,-0.5085857912038116
2.91,1.268407346410207,-0.4946042754830944
2.91,1.3684073464102067,-0.46405143366148427
2.91,1.4684073464102072,-0.4426352210039022
2.91,1.5684073464102068,-0.3978300141732626
2.91,1.6684073464102074,-0.38488876973561015
2.91,1.768407346410207,-0.36697068332012367
2.91,1.8684073464102067,-0.33105654862693457
2.91,1.9684073464102072,-0.3025785911297558
2.91,2.068407346410207,-0.27418885947424226
2.91,2.1684073464102074,-0.2545911964491594
2.91,2.268407346410207,-0.23248233564289386
2.91,2.3684073464102067,-0.2145441781370046
2.91,2.468407346410207,-0.1978693111836557
2.91,2.568407346410207,-0.1581132171838412
2.91,2.6684073464102074,-0.14291498514833895
2.91,2.768407346410207,-0.14008032464812054
2.91,2.8684073464102067,-0.117664112048391
2.91,2.968407346410207,-0.10726970194270732
2.91,3.068407346410207,-0.11613691149713148
3.01,-3.1315926535897933,-0.10713031940298158
3.01,-3.0315926535897932,-0.11613105333773284
3.01,-2.931592653589793,-0.12271816018609369
3.01,-2.8315926535897935,-0.12142718120999327
3.01,-2.7315926535897934,-0.14212442620545618
3.01,-2.6315926535897933,-0.17482457248649536
3.01,-2.5315926535897932,-0.17451141561546626
3.01,-2.431592653589793,-0.19182292058759426
3.01,-2.3315926535897935,-0.2061404726294151
3.01,-2.2315926535897934,-0.2419514703046341
3.01,-2.1315926535897933,-0.26774630082761003
3.01,-2.0315926535897932,-0.29131058758663453
3.01,-1.9315926535897932,-0.3237492122668792
3.01,-1.8315926535897933,-0.3477849936363261
3.01,-1.7315926535897932,-0.39705913713552987
3.01,-1.6315926535897933,-0.4122374643120478
3.01,-1.5315926535897932,-0.44276333349980623
3.01,-1.4315926535897932,-0.47271430908091217
3.01,-1.3315926535897933,-0.5247163495588123
3.01,-1.2315926535897932,-0.5417151664730855
3.01,-1.1315926535897933,-0.5645124358770498
3.01,-1.0315926535897932,-0.5926420316253639
3.01,-0.9315926535897932,-0.5922859875656306
3.01,-0.8315926535897931,-0.6363632104467087
3.01,-0.731592653589793,-0.6297933143846347
3.01,-0.6315926535897933,-0.6712334320567326
3.01,-0.5315926535897932,-0.6814406227439591
3.01,-0.43159265358979315,-0.6939798302535323
3.01,-0.33159265358979306,-0.7243334584324991
3.01,-0.23159265358979297,-0.7324745869970755
3.01,-0.13159265358979333,-0.725965336896859
3.01,-0.03159265358979324,-0.7212209015013502
3.01,0.06840734641020685,-0.7266002249161327
3.01,0.16840734641020694,-0.7246139712446541
3.01,0.268407346410207,-0.7054041164614216
3.01,0.36840734641020667,-0.707106294324602
3.01,0.46840734641020676,-0.6845768308463558
3.01,0.5684073464102068,-0.6788718068716852
3.01,0.6684073464102069,-0.678142128132519
3.01,0.768407346410207,-0.6285861696412178
3.01,0.8684073464102067,-0.6196115285657455
3.01,0.9684073464102072,-0.6072599811125559
3.01,1.0684073464102068,-0.5723716533735563
3.01,1.1684073464102065,-0.5371249068808156
3.01,1.268407346410207,-0.5256153414844148
3.01,1.3684073464102067,-0.4874081499460363
3.01,1.4684073464102072,-0.4534759728710944
3.01,1.5684073464102068,-0.4376714780463618
3.01,1.6684073464102074,-0.40076104837311
3.01,1.768407346410207,-0.3732153610277921
3.01,1.8684073464102067,-0.34292498056161946
3.01,1.9684073464102072,-0.2981198559376187
3.01,2.068407346410207,-0.2774133294199545
3.01,2.1684073464102074,-0.25556971688632635
3.01,2.268407346410207,-0.22319881763882254
3.01,2.3684073464102067,-0.20969956410333263
3.01,2.468407346410207,-0.18249488833480015
3.01,2.568407346410207,-0.1665033479616134
3.01,2.6684073464102074,-0.1452548882159654
3.01,2.768407346410207,-0.13514420031811425
3.01,2.8684073464102067,-0.11275974911685335
3.01,2.968407346410207,-0.12684032555654176
3.01,3.068407346410207,-0.11239795439360295
3.11,-3.1315926535897933,-0.1114746083384544
3.11,-3.0315926535897932,-0.09906957111290444
3.11,-2.931592653589793,-0.11809926859265597
3.11,-2.8315926535897935,-0.11822598661141405
3.11,-2.7315926535897934,-0.1364838740120832
3.11,-2.6315926535897933,-0.15390583856200074
3.11,-2.5315926535897932,-0.17603813910259014
3.11,-2.431592653589793,-0.1967678800438176
3.11,-2.3315926535897935,-0.20770925635607254
3.11,-2.2315926535897934,-0.24191945208726062
3.11,-2.1315926535897933,-0.2640089522070554
3.11,-2.0315926535897932,-0.29786725117518786
3.11,-1.9315926535897932,-0.3173466197731135
3.11,-1.8315926535897933,-0.353574294624782
3.11,-1.7315926535897932,-0.3942401684756339
3.11,-1.6315926535897933,-0.40771658442343955
3.11,-1.5315926535897932,-0.44875897952053634
3.11,-1.4315926535897932,-0.4765374767491813
3.11,-1.3315926535897933,-0.5231594395236909
3.11,-1.2315926535897932,-0.5471258530493197
3.11,-1.1315926535897933,-0.6103107362280767
3.11,-1.0315926535897932,-0.6064506136225336
3.11,-0.9315926535897932,-0.6438326271130949
3.11,-0.8315926535897931,-0.6816262185543266
3.11,-0.731592653589793,-0.6775109546362995
3.11,-0.6315926535897933,-0.6984096444068166
3.11,-0.5315926535897932,-0.737143743355084
3.11,-0.43159265358979315,-0.7254140017718199
3.11,-0.33159265358979306,-0.7595848637491749
3.11,-0.23159265358979297,-0.7421286225906055
3.11,-0.13159265358979333,-0.7708558611266604
3.11,-0.03159265358979324,-0.7640514220020588
3.11,0.06840734641020685,-0.7645670964557936
3.11,0.16840734641020694,-0.7771103175769418
3.11,0.268407346410207,-0.7509155210506644
3.11,0.36840734641020667,-0.7389070283439585
3.11,0.46840734641020676,-0.7074739916224089
3.11,0.5684073464102068,-0.7277318022207145
3.11,0.6684073464102069,-0.7153268825445328
3.11,0.768407346410207,-0.6546704435727756
3.11,0.8684073464102067,-0.6491630260905941
3.11,0.9684073464102072,-0.6323341794239092
3.11,1.0684073464102068,-0.6095734255273928
3.11,1.1684073464102065,-0.5772065072231054
3.11,1.268407346410207,-0.5427689666709918
3.11,1.3684073464102067,-0.5224725070288183
3.11,1.4684073464102072,-0.47135027932743145
3.11,1.5684073464102068,-0.445792298199017
3.11,1.6684073464102074,-0.4226822131752581
3.11,1.768407346410207,-0.3733657212841656
3.11,1.8684073464102067,-0.3459405438781534
3.11,1.9684073464102072,-0.3223596277294484
3.11,2.068407346410207,-0.29981950900952936
3.11,2.1684073464102074,-0.25925529927354085
3.11,2.268407346410207,-0.22664644879682666
3.11,2.3684073464102067,-0.20603416791551452
3.11,2.468407346410207,-0.19087491141718146
3.11,2.568407346410207,-0.1644859085730826
3.11,2.6684073464102074,-0.15129391858883465
3.11,2.768407346410207,-0.13218019658493682
3.11,2.8684073464102067,-0.11687275277959366
3.11,2.968407346410207,-0.11914823180801638
3.11,3.068407346410207,-0.11697021281722035
