0.
0.
-28.252963684305698
0.
0.3
-25.90955442471113
0.
0.6
-21.58338865507593
0.
0.8999999999999999
-14.630134006634982
0.
1.2
-9.50913505023151
0.
1.5
-7.307086937401834
0.
1.7999999999999998
-7.9313489012136795
0.
2.1
-12.768844993041403
0.
2.4
-18.693079735947244
0.
2.6999999999999997
-23.993032814970007
0.
3.
-27.55575521266239
0.3
0.
-26.622162371544604
0.3
0.3
-24.72613502469236
0.3
0.6
-19.63754401366576
0.3
0.8999999999999999
-13.301166501537386
0.3
1.2
-8.042938826284272
0.3
1.5
-5.228841224592029
0.3
1.7999999999999998
-6.42820374011203
0.3
2.1
-10.54057632464134
0.3
2.4
-16.505253496323824
0.3
2.6999999999999997
-22.439131493798136
0.3
3.
-25.47837961146078
0.6
0.
-21.336732266109564
0.6
0.3
-19.653331834289308
0.6
0.6
-14.966029012032445
0.6
0.8999999999999999
-8.285691311271972
0.6
1.2
-3.260017303736306
0.6
1.5
-0.6190432985389869
0.6
1.7999999999999998
-1.785535359616106
0.6
2.1
-5.825878302461988
0.6
2.4
-11.991983686335072
0.6
2.6999999999999997
-17.560885678639146
0.6
3.
-21.078402955475152
0.8999999999999999
0.
-15.054613796633014
0.8999999999999999
0.3
-13.315857063483296
0.8999999999999999
0.6
-8.189835054937705
0.8999999999999999
0.8999999999999999
-2.0850202154449593
0.8999999999999999
1.2
3.286119499479341
0.8999999999999999
1.5
6.095883153729716
0.8999999999999999
1.7999999999999998
5.421442177153451
0.8999999999999999
2.1
-0.018496795915335706
0.8999999999999999
2.4
-5.664914771911101
0.8999999999999999
2.6999999999999997
-11.076582661784393
0.8999999999999999
3.
-14.88779618986342
1.2
0.
-9.921712081450458
1.2
0.3
-7.993793671784418
1.2
0.6
-3.3238310145698895
1.2
0.8999999999999999
3.2329242055617358
1.2
1.2
8.212787003473803
1.2
1.5
11.00049351379758
1.2
1.7999999999999998
10.337274560481022
1.2
2.1
5.87615642864905
1.2
2.4
0.18727345548969687
1.2
2.6999999999999997
-6.153407037007101
1.2
3.
-9.434100718694658
1.5
0.
-6.74623930841255
1.5
0.3
-5.501836158496632
1.5
0.6
-0.2633426533208514
1.5
0.8999999999999999
5.6729155669147335
1.5
1.2
11.095647427178385
1.5
1.5
13.839096187904067
1.5
1.7999999999999998
12.754031340939164
1.5
2.1
8.589457267768879
1.5
2.4
2.8452882844337983
1.5
2.6999999999999997
-3.33356043002446
1.5
3.
-6.777361193858349
1.7999999999999998
0.
-7.753212074551657
1.7999999999999998
0.3
-6.120618332376854
1.7999999999999998
0.6
-1.2389972664173277
1.7999999999999998
0.8999999999999999
4.449312921947883
1.7999999999999998
1.2
9.904106495003052
1.7999999999999998
1.5
12.859824678506865
1.7999999999999998
1.7999999999999998
12.037875569980145
1.7999999999999998
2.1
8.090684374862436
1.7999999999999998
2.4
1.442807252085152
1.7999999999999998
2.6999999999999997
-4.256822667326347
1.7999999999999998
3.
-7.067132814719862
2.1
0.
-12.410218691072638
2.1
0.3
-11.17272445180879
2.1
0.6
-5.0560129556572955
2.1
0.8999999999999999
0.37838831601961465
2.1
1.2
5.902748304565373
2.1
1.5
8.787350261435877
2.1
1.7999999999999998
7.555519885792227
2.1
2.1
3.1508042712948896
2.1
2.4
-2.618188020068016
2.1
2.6999999999999997
-8.536734412725286
2.1
3.
-11.460772774225747
2.4
0.
-18.569373174289037
2.4
0.3
-16.231724419145873
2.4
0.6
-11.923905582634456
2.4
0.8999999999999999
-5.355507417464393
2.4
1.2
-0.13034433299092196
2.4
1.5
2.745706957429795
2.4
1.7999999999999998
1.4891631479056686
2.4
2.1
-2.6556876569899455
2.4
2.4
-8.840773021265218
2.4
2.6999999999999997
-14.635195775279453
2.4
3.
-17.76846586581202
2.6999999999999997
0.
-24.296267174606662
2.6999999999999997
0.3
-22.49208042155594
2.6999999999999997
0.6
-16.884754377875343
2.6999999999999997
0.8999999999999999
-11.28687581024558
2.6999999999999997
1.2
-5.612025961875211
2.6999999999999997
1.5
-3.1614698457722596
2.6999999999999997
1.7999999999999998
-4.383377951650154
2.6999999999999997
2.1
-8.365705822468861
2.6999999999999997
2.4
-14.388811411462463
2.6999999999999997
2.6999999999999997
-20.320281785888383
2.6999999999999997
3.
-23.538058176002988
3.
0.
-27.495700507199984
3.
0.3
-25.443473031001933
3.
0.6
-21.018975839683705
3.
0.8999999999999999
-14.886709300652917
3.
1.2
-9.584256083546087
3.
1.5
-6.973593984277643
3.
1.7999999999999998
-7.42923808456919
3.
2.1
-11.813425277170408
3.
2.4
-17.952463107621114
3.
2.6999999999999997
-24.141896338945063
3.
3.
-27.549872510323368